     1    -7.29457   -29.19051    -0.05792    0.077989     -3.2831
     2    -7.29675   -26.74347    -0.05655    0.072417     -3.2831
     3    -7.29565   -27.96702    -0.05723    0.072900     -3.2831
     4    -6.72394   -27.55917    -0.13486    0.072898     -3.2831
     5    -6.72284   -28.78271    -0.13552    0.073550     -3.2831
     6    -6.10292   -28.98672     0.13683    0.069415     -3.2831
     7    -7.29905   -24.29634    -0.05512    0.071344     -3.2831
     8    -7.29788   -25.51991    -0.05585    0.071905     -3.2831
     9    -6.72619   -25.11206    -0.13346    0.071826     -3.2831
    10    -6.72505   -26.33562    -0.13417    0.072283     -3.2831
    11    -6.10511   -26.53955     0.13819    0.072350     -3.2831
    12    -6.10400   -27.76311     0.13750    0.072326     -3.2831
    13    -5.53229   -27.35525     0.05988    0.072671     -3.2831
    14    -5.53120   -28.57878     0.05921    0.073708     -3.2831
    15    -4.95948   -28.17094    -0.01842    0.073328     -3.2831
    16    -4.95838   -29.39449    -0.01907    0.071700     -3.2831
    17    -4.38668   -28.98671    -0.09672    0.069353     -3.2831
    18    -7.30152   -21.84916    -0.05356    0.069571     -3.2831
    19    -7.30025   -23.07276    -0.05436    0.070373     -3.2831
    20    -6.72859   -22.66490    -0.13194    0.070114     -3.2831
    21    -6.72737   -23.88848    -0.13272    0.070954     -3.2831
    22    -6.10741   -24.09241     0.13963    0.071070     -3.2831
    23    -6.10624   -25.31598     0.13890    0.071827     -3.2831
    24    -5.53455   -24.90813     0.06129    0.071599     -3.2831
    25    -5.53341   -26.13169     0.06057    0.072130     -3.2831
    26    -4.96171   -25.72384    -0.01704    0.071916     -3.2831
    27    -4.96058   -26.94740    -0.01774    0.072639     -3.2831
    28    -4.38888   -26.53955    -0.09536    0.072257     -3.2831
    29    -4.38777   -27.76311    -0.09604    0.072471     -3.2831
    30    -3.76784   -27.96702     0.17632    0.072886     -3.2831
    31    -3.81606   -27.35525    -0.17367    0.072527     -3.2831
    32    -3.76676   -29.19051     0.17563    0.078039     -3.2831
    33    -3.81497   -28.57878    -0.17435    0.073900     -3.2831
    34    -3.19502   -28.78271     0.09802    0.073621     -3.2831
    35    -2.62225   -29.59856     0.01975    0.064002     -3.2831
    36    -7.30423   -19.40191    -0.05181    0.067256     -3.2831
    37    -7.30284   -20.62555    -0.05271    0.068493     -3.2831
    38    -6.73122   -20.21767    -0.13026    0.068029     -3.2831
    39    -6.72987   -21.44130    -0.13113    0.069204     -3.2831
    40    -6.10990   -21.64522     0.14121    0.069313     -3.2831
    41    -6.10863   -22.86882     0.14040    0.070393     -3.2831
    42    -5.53697   -22.46096     0.06281    0.070035     -3.2831
    43    -5.53574   -23.68455     0.06203    0.070928     -3.2831
    44    -4.96407   -23.27669    -0.01556    0.070691     -3.2831
    45    -4.96287   -24.50027    -0.01632    0.071386     -3.2831
    46    -4.39118   -24.09241    -0.09392    0.071118     -3.2831
    47    -4.39001   -25.31598    -0.09465    0.071880     -3.2831
    48    -3.81832   -24.90813    -0.17226    0.071649     -3.2831
    49    -3.81718   -26.13169    -0.17298    0.072260     -3.2831
    50    -3.19724   -26.33562     0.09938    0.072402     -3.2831
    51    -3.19612   -27.55917     0.09869    0.072748     -3.2831
    52    -2.62442   -27.15133     0.02107    0.072460     -3.2831
    53    -2.62332   -28.37490     0.02039    0.071651     -3.2831
    54    -2.05161   -27.96702    -0.05723    0.072900     -3.2831
    55    -2.05053   -29.19051    -0.05792    0.077989     -3.2831
    56    -1.47879   -28.78271    -0.13552    0.073550     -3.2831
    57    -7.30722   -16.95458    -0.04985    0.064322     -3.2831
    58    -7.30569   -18.17826    -0.05086    0.065788     -3.2831
    59    -6.73411   -17.77037    -0.12838    0.065371     -3.2831
    60    -6.73263   -18.99404    -0.12935    0.066766     -3.2831
    61    -6.11263   -19.19797     0.14297    0.066880     -3.2831
    62    -6.11123   -20.42161     0.14206    0.068236     -3.2831
    63    -5.53961   -20.01373     0.06451    0.067679     -3.2831
    64    -5.53826   -21.23736     0.06364    0.069080     -3.2831
    65    -4.96663   -20.82948    -0.01393    0.068656     -3.2831
    66    -4.96532   -22.05310    -0.01477    0.069667     -3.2831
    67    -4.39367   -21.64523    -0.09234    0.069191     -3.2831
    68    -4.39240   -22.86883    -0.09315    0.070421     -3.2831
    69    -3.82074   -22.46096    -0.17074    0.070023     -3.2831
    70    -3.81951   -23.68455    -0.17152    0.070925     -3.2831
    71    -3.19955   -23.88848     0.10083    0.071020     -3.2831
    72    -3.19837   -25.11206     0.10009    0.071641     -3.2831
    73    -2.62669   -24.70420     0.02249    0.071526     -3.2831
    74    -2.62554   -25.92777     0.02177    0.072126     -3.2831
    75    -2.05384   -25.51991    -0.05585    0.071905     -3.2831
    76    -2.05271   -26.74347    -0.05655    0.072417     -3.2831
    77    -1.48101   -26.33562    -0.13417    0.072283     -3.2831
    78    -1.47989   -27.55917    -0.13486    0.072898     -3.2831
    79    -0.85996   -27.76311     0.13750    0.072326     -3.2831
    80    -0.85887   -28.98672     0.13683    0.069415     -3.2831
    81    -0.28716   -28.57878     0.05921    0.073708     -3.2831
    82     0.28567   -29.39449    -0.01907    0.071700     -3.2831
    83    -7.31056   -14.50716    -0.04765    0.061290     -3.2831
    84    -7.30885   -15.73089    -0.04878    0.062981     -3.2831
    85    -6.73733   -15.32298    -0.12626    0.062256     -3.2831
    86    -6.73568   -16.54669    -0.12735    0.063939     -3.2831
    87    -6.11566   -16.75064     0.14495    0.064201     -3.2831
    88    -6.11411   -17.97431     0.14393    0.065656     -3.2831
    89    -5.54254   -17.56643     0.06641    0.065192     -3.2831
    90    -5.54104   -18.79009     0.06543    0.066721     -3.2831
    91    -4.96945   -18.38221    -0.01210    0.066247     -3.2831
    92    -4.96800   -19.60586    -0.01304    0.067228     -3.2831
    93    -4.39640   -19.19797    -0.09058    0.066891     -3.2831
    94    -4.39500   -20.42161    -0.09149    0.068303     -3.2831
    95    -3.82338   -20.01374    -0.16904    0.067873     -3.2831
    96    -3.82203   -21.23736    -0.16991    0.068895     -3.2831
    97    -3.20206   -21.44129     0.10242    0.069038     -3.2831
    98    -3.20078   -22.66489     0.10161    0.070038     -3.2831
    99    -2.62912   -22.25703     0.02402    0.069753     -3.2831
   100    -2.62788   -23.48062     0.02324    0.070706     -3.2831
   101    -2.05621   -23.07276    -0.05436    0.070373     -3.2831
   102    -2.05500   -24.29634    -0.05512    0.071344     -3.2831
   103    -1.48332   -23.88848    -0.13272    0.070954     -3.2831
   104    -1.48214   -25.11206    -0.13346    0.071826     -3.2831
   105    -0.86220   -25.31598     0.13890    0.071827     -3.2831
   106    -0.86107   -26.53955     0.13819    0.072350     -3.2831
   107    -0.28937   -26.13169     0.06057    0.072130     -3.2831
   108    -0.28825   -27.35525     0.05988    0.072671     -3.2831
   109     0.28346   -26.94740    -0.01774    0.072639     -3.2831
   110     0.28456   -28.17094    -0.01842    0.073328     -3.2831
   111     0.85627   -27.76311    -0.09604    0.072471     -3.2831
   112     0.85736   -28.98671    -0.09672    0.069353     -3.2831
   113     1.47729   -29.19051     0.17563    0.078039     -3.2831
   114     1.42908   -28.57878    -0.17435    0.073900     -3.2831
   115    -7.31427   -12.05970    -0.04519    0.058125     -3.2831
   116    -7.31236   -13.28343    -0.04645    0.059398     -3.2831
   117    -6.74090   -12.87551    -0.12389    0.058470     -3.2831
   118    -6.73906   -14.09926    -0.12511    0.060721     -3.2831
   119    -6.11903   -14.30323     0.14718    0.061351     -3.2831
   120    -6.11730   -15.52694     0.14603    0.062822     -3.2831
   121    -5.54579   -15.11904     0.06856    0.062362     -3.2831
   122    -5.54412   -16.34275     0.06745    0.063692     -3.2831
   123    -4.97259   -15.93485    -0.01004    0.063320     -3.2831
   124    -4.97098   -17.15854    -0.01110    0.064779     -3.2831
   125    -4.39943   -16.75064    -0.08860    0.064428     -3.2831
   126    -4.39787   -17.97432    -0.08962    0.065653     -3.2831
   127    -3.82631   -17.56642    -0.16714    0.065129     -3.2831
   128    -3.82481   -18.79009    -0.16812    0.066456     -3.2831
   129    -3.20481   -18.99403     0.10420    0.066713     -3.2831
   130    -3.20340   -20.21767     0.10328    0.068016     -3.2831
   131    -2.63179   -19.80979     0.02573    0.067574     -3.2831
   132    -2.63042   -21.03342     0.02485    0.068834     -3.2831
   133    -2.05879   -20.62555    -0.05271    0.068493     -3.2831
   134    -2.05747   -21.84916    -0.05356    0.069571     -3.2831
   135    -1.48583   -21.44130    -0.13113    0.069204     -3.2831
   136    -1.48455   -22.66490    -0.13194    0.070114     -3.2831
   137    -0.86459   -22.86882     0.14040    0.070393     -3.2831
   138    -0.86337   -24.09241     0.13963    0.071070     -3.2831
   139    -0.29169   -23.68455     0.06203    0.070928     -3.2831
   140    -0.29051   -24.90813     0.06129    0.071599     -3.2831
   141     0.28118   -24.50027    -0.01632    0.071386     -3.2831
   142     0.28233   -25.72384    -0.01704    0.071916     -3.2831
   143     0.85403   -25.31598    -0.09465    0.071880     -3.2831
   144     0.85517   -26.53955    -0.09536    0.072257     -3.2831
   145     1.42687   -26.13169    -0.17298    0.072260     -3.2831
   146     1.47621   -27.96702     0.17632    0.072886     -3.2831
   147     1.42798   -27.35525    -0.17367    0.072527     -3.2831
   148     2.04792   -27.55917     0.09869    0.072748     -3.2831
   149     2.04902   -28.78271     0.09802    0.073621     -3.2831
   150     2.62072   -28.37490     0.02039    0.071651     -3.2831
   151     2.62179   -29.59856     0.01975    0.064002     -3.2831
   152     3.19352   -29.19051    -0.05792    0.077989     -3.2831
   153    -7.31858    -9.61239    -0.04251    0.058003     -3.2831
   154    -7.31632   -10.83600    -0.04388    0.056978     -3.2831
   155    -6.74494   -10.42803    -0.12128    0.055295     -3.2831
   156    -6.74285   -11.65176    -0.12260    0.056998     -3.2831
   157    -6.12283   -11.85578     0.14968    0.058798     -3.2831
   158    -6.12087   -13.07951     0.14840    0.059925     -3.2831
   159    -5.54942   -12.67161     0.07097    0.060024     -3.2831
   160    -5.54755   -13.89533     0.06972    0.060734     -3.2831
   161    -4.97607   -13.48742    -0.00772    0.060614     -3.2831
   162    -4.97428   -14.71114    -0.00892    0.061716     -3.2831
   163    -4.40279   -14.30323    -0.08638    0.061455     -3.2831
   164    -4.40106   -15.52694    -0.08752    0.062431     -3.2831
   165    -3.82955   -15.11903    -0.16500    0.061957     -3.2831
   166    -3.82788   -16.34274    -0.16610    0.063631     -3.2831
   167    -3.20787   -16.54668     0.10620    0.064029     -3.2831
   168    -3.20630   -17.77037     0.10517    0.065198     -3.2831
   169    -2.63473   -17.36247     0.02766    0.064623     -3.2831
   170    -2.63322   -18.58614     0.02667    0.066395     -3.2831
   171    -2.06164   -18.17826    -0.05086    0.065788     -3.2831
   172    -2.06018   -19.40191    -0.05181    0.067256     -3.2831
   173    -1.48858   -18.99404    -0.12935    0.066766     -3.2831
   174    -1.48717   -20.21767    -0.13026    0.068029     -3.2831
   175    -0.86719   -20.42161     0.14206    0.068236     -3.2831
   176    -0.86586   -21.64522     0.14121    0.069313     -3.2831
   177    -0.29422   -21.23736     0.06364    0.069080     -3.2831
   178    -0.29293   -22.46096     0.06281    0.070035     -3.2831
   179     0.27873   -22.05310    -0.01477    0.069667     -3.2831
   180     0.27998   -23.27669    -0.01556    0.070691     -3.2831
   181     0.85164   -22.86883    -0.09315    0.070421     -3.2831
   182     0.85286   -24.09241    -0.09392    0.071118     -3.2831
   183     1.42454   -23.68455    -0.17152    0.070925     -3.2831
   184     1.42572   -24.90813    -0.17226    0.071649     -3.2831
   185     2.04567   -25.11206     0.10009    0.071641     -3.2831
   186     2.04681   -26.33562     0.09938    0.072402     -3.2831
   187     2.61851   -25.92777     0.02177    0.072126     -3.2831
   188     2.61963   -27.15133     0.02107    0.072460     -3.2831
   189     3.19133   -26.74347    -0.05655    0.072417     -3.2831
   190     3.19244   -27.96702    -0.05723    0.072900     -3.2831
   191     3.76415   -27.55917    -0.13486    0.072898     -3.2831
   192     3.76525   -28.78271    -0.13552    0.073550     -3.2831
   193     4.38517   -28.98672     0.13683    0.069415     -3.2831
   194    -7.32427    -7.16600    -0.03968    0.073135     -3.2831
   195    -7.32115    -8.38899    -0.04110    0.062015     -3.2831
   196    -6.74993    -7.98097    -0.11857    0.057282     -3.2831
   197    -6.74725    -9.20440    -0.11992    0.055297     -3.2831
   198    -6.12732    -9.40848     0.15242    0.058334     -3.2831
   199    -6.12495   -10.63210     0.15103    0.057900     -3.2831
   200    -5.55360   -10.22422     0.07366    0.058385     -3.2831
   201    -5.55142   -11.44790     0.07228    0.058503     -3.2831
   202    -4.98001   -11.04001    -0.00512    0.059037     -3.2831
   203    -4.97798   -12.26371    -0.00646    0.059661     -3.2831
   204    -4.40654   -11.85581    -0.08388    0.059350     -3.2831
   205    -4.40461   -13.07951    -0.08517    0.060060     -3.2831
   206    -3.83315   -12.67159    -0.16261    0.059232     -3.2831
   207    -3.83130   -13.89531    -0.16384    0.060508     -3.2831
   208    -3.21127   -14.09928     0.10844    0.061105     -3.2831
   209    -3.20952   -15.32298     0.10729    0.062341     -3.2831
   210    -2.63801   -14.91507     0.02982    0.061752     -3.2831
   211    -2.63633   -16.13878     0.02871    0.063721     -3.2831
   212    -2.06480   -15.73089    -0.04878    0.062981     -3.2831
   213    -2.06318   -16.95458    -0.04985    0.064322     -3.2831
   214    -1.49163   -16.54669    -0.12735    0.063939     -3.2831
   215    -1.49007   -17.77037    -0.12838    0.065371     -3.2831
   216    -0.87006   -17.97431     0.14393    0.065656     -3.2831
   217    -0.86859   -19.19797     0.14297    0.066880     -3.2831
   218    -0.29699   -18.79009     0.06543    0.066721     -3.2831
   219    -0.29557   -20.01373     0.06451    0.067679     -3.2831
   220     0.27604   -19.60586    -0.01304    0.067228     -3.2831
   221     0.27742   -20.82948    -0.01393    0.068656     -3.2831
   222     0.84904   -20.42161    -0.09149    0.068303     -3.2831
   223     0.85037   -21.64523    -0.09234    0.069191     -3.2831
   224     1.42201   -21.23736    -0.16991    0.068895     -3.2831
   225     1.42330   -22.46096    -0.17074    0.070023     -3.2831
   226     2.04327   -22.66489     0.10161    0.070038     -3.2831
   227     2.04449   -23.88848     0.10083    0.071020     -3.2831
   228     2.61617   -23.48062     0.02324    0.070706     -3.2831
   229     2.61736   -24.70420     0.02249    0.071526     -3.2831
   230     3.18904   -24.29634    -0.05512    0.071344     -3.2831
   231     3.19021   -25.51991    -0.05585    0.071905     -3.2831
   232     3.76190   -25.11206    -0.13346    0.071826     -3.2831
   233     3.76304   -26.33562    -0.13417    0.072283     -3.2831
   234     4.38298   -26.53955     0.13819    0.072350     -3.2831
   235     4.38409   -27.76311     0.13750    0.072326     -3.2831
   236     4.95580   -27.35525     0.05988    0.072671     -3.2831
   237     4.95688   -28.57878     0.05921    0.073708     -3.2831
   238     5.52861   -28.17094    -0.01842    0.073328     -3.2831
   239     5.52971   -29.39449    -0.01907    0.071700     -3.2831
   240     6.10140   -28.98671    -0.09672    0.069353     -3.2831
   241    -7.33306    -4.72277    -0.03724    0.129500     -3.2829
   242    -7.32822    -5.94373    -0.03825    0.092562     -3.2830
   243    -6.75735    -5.53592    -0.11603    0.087191     -3.2830
   244    -6.75322    -6.75799    -0.11726    0.065839     -3.2831
   245    -6.13349    -6.96210     0.15517    0.069743     -3.2831
   246    -6.13008    -8.18507     0.15382    0.061218     -3.2831
   247    -5.55897    -7.77719     0.07643    0.059342     -3.2831
   248    -5.55606    -9.00062     0.07507    0.058161     -3.2831
   249    -4.98481    -8.59281    -0.00228    0.059612     -3.2831
   250    -4.98226    -9.81637    -0.00372    0.059144     -3.2831
   251    -4.41092    -9.40854    -0.08109    0.060622     -3.2831
   252    -4.40862   -10.63213    -0.08252    0.059637     -3.2831
   253    -3.83723   -10.22424    -0.15993    0.059316     -3.2831
   254    -3.83510   -11.44788    -0.16130    0.058780     -3.2831
   255    -3.21509   -11.65190     0.11095    0.060142     -3.2831
   256    -3.21311   -12.87557     0.10966    0.060051     -3.2831
   257    -2.64167   -12.46764     0.03223    0.059252     -3.2831
   258    -2.63979   -13.69135     0.03099    0.060099     -3.2831
   259    -2.06832   -13.28343    -0.04645    0.059398     -3.2831
   260    -2.06651   -14.50716    -0.04765    0.061290     -3.2831
   261    -1.49502   -14.09926    -0.12511    0.060721     -3.2831
   262    -1.49329   -15.32298    -0.12626    0.062256     -3.2831
   263    -0.87326   -15.52694     0.14603    0.062822     -3.2831
   264    -0.87162   -16.75064     0.14495    0.064201     -3.2831
   265    -0.30007   -16.34275     0.06745    0.063692     -3.2831
   266    -0.29849   -17.56643     0.06641    0.065192     -3.2831
   267     0.27307   -17.15854    -0.01110    0.064779     -3.2831
   268     0.27459   -18.38221    -0.01210    0.066247     -3.2831
   269     0.84617   -17.97432    -0.08962    0.065653     -3.2831
   270     0.84764   -19.19797    -0.09058    0.066891     -3.2831
   271     1.41924   -18.79009    -0.16812    0.066456     -3.2831
   272     1.42066   -20.01374    -0.16904    0.067873     -3.2831
   273     2.04064   -20.21767     0.10328    0.068016     -3.2831
   274     2.04199   -21.44129     0.10242    0.069038     -3.2831
   275     2.61362   -21.03342     0.02485    0.068834     -3.2831
   276     2.61492   -22.25703     0.02402    0.069753     -3.2831
   277     3.18657   -21.84916    -0.05356    0.069571     -3.2831
   278     3.18783   -23.07276    -0.05436    0.070373     -3.2831
   279     3.75950   -22.66490    -0.13194    0.070114     -3.2831
   280     3.76072   -23.88848    -0.13272    0.070954     -3.2831
   281     4.38067   -24.09241     0.13963    0.071070     -3.2831
   282     4.38184   -25.31598     0.13890    0.071827     -3.2831
   283     4.95354   -24.90813     0.06129    0.071599     -3.2831
   284     4.95468   -26.13169     0.06057    0.072130     -3.2831
   285     5.52638   -25.72384    -0.01704    0.071916     -3.2831
   286     5.52750   -26.94740    -0.01774    0.072639     -3.2831
   287     6.09921   -26.53955    -0.09536    0.072257     -3.2831
   288     6.10032   -27.76311    -0.09604    0.072471     -3.2831
   289     6.72025   -27.96702     0.17632    0.072886     -3.2831
   290     6.67203   -27.35525    -0.17367    0.072527     -3.2831
   291     6.72133   -29.19051     0.17563    0.078039     -3.2831
   292     6.67312   -28.57878    -0.17435    0.073900     -3.2831
   293     7.29306   -28.78271     0.09802    0.073621     -3.2831
   294     7.86584   -29.59856     0.01975    0.064002     -3.2831
   295    -7.34386    -2.28585    -0.04149    0.510586     -3.2813
   296    -7.33784    -3.50406    -0.03808    0.228417     -3.2827
   297    -6.76623    -3.09765    -0.11689    0.287733     -3.2825
   298    -6.76206    -4.31552    -0.11546    0.137384     -3.2828
   299    -6.14310    -4.51972     0.15738    0.141258     -3.2828
   300    -6.13785    -5.74005     0.15645    0.092771     -3.2830
   301    -5.56725    -5.33228     0.07864    0.084867     -3.2830
   302    -5.56262    -6.55421     0.07767    0.064416     -3.2831
   303    -4.99181    -6.14645     0.00021    0.061122     -3.2831
   304    -4.98790    -7.36942    -0.00092    0.060003     -3.2831
   305    -4.41684    -6.96179    -0.07827    0.064785     -3.2831
   306    -4.41358    -8.18506    -0.07963    0.063018     -3.2831
   307    -3.84234    -7.77735    -0.15700    0.066671     -3.2831
   308    -3.83958    -9.00070    -0.15848    0.062440     -3.2831
   309    -3.21964    -9.20485     0.11377    0.066424     -3.2831
   310    -3.21723   -10.42829     0.11232    0.061633     -3.2831
   311    -2.64588   -10.02036     0.03490    0.060547     -3.2831
   312    -2.64368   -11.24395     0.03353    0.058567     -3.2831
   313    -2.07228   -10.83600    -0.04388    0.056978     -3.2831
   314    -2.07023   -12.05970    -0.04519    0.058125     -3.2831
   315    -1.49880   -11.65176    -0.12260    0.056998     -3.2831
   316    -1.49686   -12.87551    -0.12389    0.058470     -3.2831
   317    -0.87683   -13.07951     0.14840    0.059925     -3.2831
   318    -0.87499   -14.30323     0.14718    0.061351     -3.2831
   319    -0.30350   -13.89533     0.06972    0.060734     -3.2831
   320    -0.30175   -15.11904     0.06856    0.062362     -3.2831
   321     0.26976   -14.71114    -0.00892    0.061716     -3.2831
   322     0.27146   -15.93485    -0.01004    0.063320     -3.2831
   323     0.84298   -15.52694    -0.08752    0.062431     -3.2831
   324     0.84462   -16.75064    -0.08860    0.064428     -3.2831
   325     1.41616   -16.34274    -0.16610    0.063631     -3.2831
   326     1.41774   -17.56642    -0.16714    0.065129     -3.2831
   327     2.03774   -17.77037     0.10517    0.065198     -3.2831
   328     2.03923   -18.99403     0.10420    0.066713     -3.2831
   329     2.61082   -18.58614     0.02667    0.066395     -3.2831
   330     2.61226   -19.80979     0.02573    0.067574     -3.2831
   331     3.18386   -19.40191    -0.05181    0.067256     -3.2831
   332     3.18525   -20.62555    -0.05271    0.068493     -3.2831
   333     3.75687   -20.21767    -0.13026    0.068029     -3.2831
   334     3.75822   -21.44130    -0.13113    0.069204     -3.2831
   335     4.37819   -21.64522     0.14121    0.069313     -3.2831
   336     4.37946   -22.86882     0.14040    0.070393     -3.2831
   337     4.95112   -22.46096     0.06281    0.070035     -3.2831
   338     4.95235   -23.68455     0.06203    0.070928     -3.2831
   339     5.52402   -23.27669    -0.01556    0.070691     -3.2831
   340     5.52522   -24.50027    -0.01632    0.071386     -3.2831
   341     6.09691   -24.09241    -0.09392    0.071118     -3.2831
   342     6.09808   -25.31598    -0.09465    0.071880     -3.2831
   343     6.66977   -24.90813    -0.17226    0.071649     -3.2831
   344     6.67091   -26.13169    -0.17298    0.072260     -3.2831
   345     7.29085   -26.33562     0.09938    0.072402     -3.2831
   346     7.29196   -27.55917     0.09869    0.072748     -3.2831
   347     7.86367   -27.15133     0.02107    0.072460     -3.2831
   348     7.86477   -28.37490     0.02039    0.071651     -3.2831
   349    -7.39600    -1.04094    -0.02771   -0.396623     -3.2746
   350    -6.86700    -0.62944    -0.09642   -0.807913     -3.2523
   351    -6.77800    -1.87812    -0.11699    0.622472     -3.2808
   352    -6.15598    -2.08471     0.15667    0.552968     -3.2820
   353    -6.14804    -3.30194     0.15707    0.254440     -3.2827
   354    -5.57684    -2.89539     0.07832    0.321699     -3.2824
   355    -5.57242    -4.11254     0.07891    0.149791     -3.2827
   356    -5.00153    -3.70537     0.00028    0.160853     -3.2827
   357    -4.99665    -4.92460     0.00081    0.075645     -3.2830
   358    -4.42594    -4.51723    -0.07694    0.073470     -3.2830
   359    -4.42100    -5.73893    -0.07721    0.063527     -3.2831
   360    -3.85014    -5.33172    -0.15464    0.075033     -3.2830
   361    -3.84578    -6.55428    -0.15563    0.072752     -3.2830
   362    -3.22604    -6.75891     0.11680    0.089541     -3.2830
   363    -3.22248    -7.98167     0.11528    0.075073     -3.2831
   364    -2.65133    -7.57389     0.03783    0.075678     -3.2831
   365    -2.64836    -8.79695     0.03634    0.065351     -3.2831
   366    -2.07711    -8.38899    -0.04110    0.062015     -3.2831
   367    -2.07453    -9.61239    -0.04251    0.058003     -3.2831
   368    -1.50321    -9.20440    -0.11992    0.055297     -3.2831
   369    -1.50090   -10.42803    -0.12128    0.055295     -3.2831
   370    -0.88091   -10.63210     0.15103    0.057900     -3.2831
   371    -0.87878   -11.85578     0.14968    0.058798     -3.2831
   372    -0.30737   -11.44790     0.07228    0.058503     -3.2831
   373    -0.30538   -12.67161     0.07097    0.060024     -3.2831
   374     0.26607   -12.26371    -0.00646    0.059661     -3.2831
   375     0.26797   -13.48742    -0.00772    0.060614     -3.2831
   376     0.83943   -13.07951    -0.08517    0.060060     -3.2831
   377     0.84126   -14.30323    -0.08638    0.061455     -3.2831
   378     1.41274   -13.89531    -0.16384    0.060508     -3.2831
   379     1.41450   -15.11903    -0.16500    0.061957     -3.2831
   380     2.03452   -15.32298     0.10729    0.062341     -3.2831
   381     2.03618   -16.54668     0.10620    0.064029     -3.2831
   382     2.60772   -16.13878     0.02871    0.063721     -3.2831
   383     2.60931   -17.36247     0.02766    0.064623     -3.2831
   384     3.18087   -16.95458    -0.04985    0.064322     -3.2831
   385     3.18240   -18.17826    -0.05086    0.065788     -3.2831
   386     3.75398   -17.77037    -0.12838    0.065371     -3.2831
   387     3.75546   -18.99404    -0.12935    0.066766     -3.2831
   388     4.37546   -19.19797     0.14297    0.066880     -3.2831
   389     4.37686   -20.42161     0.14206    0.068236     -3.2831
   390     4.94847   -20.01373     0.06451    0.067679     -3.2831
   391     4.94983   -21.23736     0.06364    0.069080     -3.2831
   392     5.52146   -20.82948    -0.01393    0.068656     -3.2831
   393     5.52277   -22.05310    -0.01477    0.069667     -3.2831
   394     6.09442   -21.64523    -0.09234    0.069191     -3.2831
   395     6.09569   -22.86883    -0.09315    0.070421     -3.2831
   396     6.66735   -22.46096    -0.17074    0.070023     -3.2831
   397     6.66858   -23.68455    -0.17152    0.070925     -3.2831
   398     7.28854   -23.88848     0.10083    0.071020     -3.2831
   399     7.28971   -25.11206     0.10009    0.071641     -3.2831
   400     7.86140   -24.70420     0.02249    0.071526     -3.2831
   401     7.86255   -25.92777     0.02177    0.072126     -3.2831
   402    -6.31978    -0.21883    -0.14562   -1.197159     -3.2651
   403    -6.22243    -0.85241     0.17373    0.768459     -3.2632
   404    -5.68920    -0.42370     0.13422   -0.879896     -3.2665
   405    -5.59273    -1.67156     0.08556    0.460154     -3.2825
   406    -5.04172    -1.25398     0.01184    0.151760     -3.2771
   407    -5.00619    -2.48852    -0.00092    0.424228     -3.2814
   408    -4.43807    -2.08017    -0.08030    0.505562     -3.2811
   409    -4.43047    -3.29821    -0.07826    0.170441     -3.2827
   410    -3.85932    -2.89152    -0.15621    0.209396     -3.2827
   411    -3.85500    -4.11039    -0.15470    0.091161     -3.2830
   412    -3.23611    -4.31630     0.11885    0.143203     -3.2828
   413    -3.23063    -5.53687     0.11816    0.107978     -3.2829
   414    -2.65987    -5.12988     0.04060    0.120435     -3.2829
   415    -2.65509    -6.35138     0.03933    0.093695     -3.2830
   416    -2.08418    -5.94373    -0.03825    0.092562     -3.2830
   417    -2.08023    -7.16600    -0.03968    0.073135     -3.2831
   418    -1.50917    -6.75799    -0.11726    0.065839     -3.2831
   419    -1.50589    -7.98097    -0.11857    0.057282     -3.2831
   420    -0.88604    -8.18507     0.15382    0.061218     -3.2831
   421    -0.88327    -9.40848     0.15242    0.058334     -3.2831
   422    -0.31201    -9.00062     0.07507    0.058161     -3.2831
   423    -0.30955   -10.22422     0.07366    0.058385     -3.2831
   424     0.26179    -9.81637    -0.00372    0.059144     -3.2831
   425     0.26403   -11.04001    -0.00512    0.059037     -3.2831
   426     0.83543   -10.63213    -0.08252    0.059637     -3.2831
   427     0.83751   -11.85581    -0.08388    0.059350     -3.2831
   428     1.40894   -11.44788    -0.16130    0.058780     -3.2831
   429     1.41090   -12.67159    -0.16261    0.059232     -3.2831
   430     2.03093   -12.87557     0.10966    0.060051     -3.2831
   431     2.03278   -14.09928     0.10844    0.061105     -3.2831
   432     2.60426   -13.69135     0.03099    0.060099     -3.2831
   433     2.60603   -14.91507     0.02982    0.061752     -3.2831
   434     3.17753   -14.50716    -0.04765    0.061290     -3.2831
   435     3.17924   -15.73089    -0.04878    0.062981     -3.2831
   436     3.75076   -15.32298    -0.12626    0.062256     -3.2831
   437     3.75241   -16.54669    -0.12735    0.063939     -3.2831
   438     4.37243   -16.75064     0.14495    0.064201     -3.2831
   439     4.37398   -17.97431     0.14393    0.065656     -3.2831
   440     4.94555   -17.56643     0.06641    0.065192     -3.2831
   441     4.94705   -18.79009     0.06543    0.066721     -3.2831
   442     5.51864   -18.38221    -0.01210    0.066247     -3.2831
   443     5.52008   -19.60586    -0.01304    0.067228     -3.2831
   444     6.09169   -19.19797    -0.09058    0.066891     -3.2831
   445     6.09309   -20.42161    -0.09149    0.068303     -3.2831
   446     6.66470   -20.01374    -0.16904    0.067873     -3.2831
   447     6.66606   -21.23736    -0.16991    0.068895     -3.2831
   448     7.28603   -21.44129     0.10242    0.069038     -3.2831
   449     7.28731   -22.66489     0.10161    0.070038     -3.2831
   450     7.85897   -22.25703     0.02402    0.069753     -3.2831
   451     7.86021   -23.48062     0.02324    0.070706     -3.2831
   452    -5.27671     0.02700    -0.15282   -1.144185     -3.1162
   453    -4.50575    -0.83028    -0.06731   -0.748146     -3.2621
   454    -3.97928    -0.42081    -0.14333   -1.045939     -3.1393
   455    -3.87515    -1.67012    -0.15462    0.532861     -3.2809
   456    -3.25234    -1.87918     0.11833    0.601395     -3.2817
   457    -3.24125    -3.09832     0.11804    0.259398     -3.2825
   458    -2.66993    -2.69313     0.03867    0.387382     -3.2818
   459    -2.66512    -3.91029     0.04068    0.183609     -3.2827
   460    -2.09379    -3.50406    -0.03808    0.228417     -3.2827
   461    -2.08902    -4.72277    -0.03724    0.129500     -3.2829
   462    -1.51801    -4.31552    -0.11546    0.137384     -3.2828
   463    -1.51330    -5.53592    -0.11603    0.087191     -3.2830
   464    -0.89380    -5.74005     0.15645    0.092771     -3.2830
   465    -0.88945    -6.96210     0.15517    0.069743     -3.2831
   466    -0.31858    -6.55421     0.07767    0.064416     -3.2831
   467    -0.31493    -7.77719     0.07643    0.059342     -3.2831
   468     0.25614    -7.36942    -0.00092    0.060003     -3.2831
   469     0.25923    -8.59281    -0.00228    0.059612     -3.2831
   470     0.83047    -8.18506    -0.07963    0.063018     -3.2831
   471     0.83313    -9.40854    -0.08109    0.060622     -3.2831
   472     1.40447    -9.00070    -0.15848    0.062440     -3.2831
   473     1.40682   -10.22424    -0.15993    0.059316     -3.2831
   474     2.02681   -10.42829     0.11232    0.061633     -3.2831
   475     2.02896   -11.65190     0.11095    0.060142     -3.2831
   476     2.60037   -11.24395     0.03353    0.058567     -3.2831
   477     2.60238   -12.46764     0.03223    0.059252     -3.2831
   478     3.17382   -12.05970    -0.04519    0.058125     -3.2831
   479     3.17573   -13.28343    -0.04645    0.059398     -3.2831
   480     3.74719   -12.87551    -0.12389    0.058470     -3.2831
   481     3.74902   -14.09926    -0.12511    0.060721     -3.2831
   482     4.36906   -14.30323     0.14718    0.061351     -3.2831
   483     4.37079   -15.52694     0.14603    0.062822     -3.2831
   484     4.94230   -15.11904     0.06856    0.062362     -3.2831
   485     4.94397   -16.34275     0.06745    0.063692     -3.2831
   486     5.51550   -15.93485    -0.01004    0.063320     -3.2831
   487     5.51711   -17.15854    -0.01110    0.064779     -3.2831
   488     6.08866   -16.75064    -0.08860    0.064428     -3.2831
   489     6.09021   -17.97432    -0.08962    0.065653     -3.2831
   490     6.66178   -17.56642    -0.16714    0.065129     -3.2831
   491     6.66328   -18.79009    -0.16812    0.066456     -3.2831
   492     7.28328   -18.99403     0.10420    0.066713     -3.2831
   493     7.28469   -20.21767     0.10328    0.068016     -3.2831
   494     7.85630   -19.80979     0.02573    0.067574     -3.2831
   495     7.85767   -21.03342     0.02485    0.068834     -3.2831
   496    -3.33756    -0.61865     0.15146   -2.313404     -3.2064
   497    -2.69453    -1.46762     0.04073    0.622823     -3.2821
   498    -2.15196    -1.04094    -0.02771   -0.396623     -3.2746
   499    -2.09982    -2.28585    -0.04149    0.510586     -3.2813
   500    -1.53396    -1.87812    -0.11699    0.622472     -3.2808
   501    -1.52219    -3.09765    -0.11689    0.287733     -3.2825
   502    -0.90399    -3.30194     0.15707    0.254440     -3.2827
   503    -0.89905    -4.51972     0.15738    0.141258     -3.2828
   504    -0.32838    -4.11254     0.07891    0.149791     -3.2827
   505    -0.32321    -5.33228     0.07864    0.084867     -3.2830
   506     0.24740    -4.92460     0.00081    0.075645     -3.2830
   507     0.25224    -6.14645     0.00021    0.061122     -3.2831
   508     0.82304    -5.73893    -0.07721    0.063527     -3.2831
   509     0.82720    -6.96179    -0.07827    0.064785     -3.2831
   510     1.39827    -6.55428    -0.15563    0.072752     -3.2830
   511     1.40170    -7.77735    -0.15700    0.066671     -3.2831
   512     2.02156    -7.98167     0.11528    0.075073     -3.2831
   513     2.02440    -9.20485     0.11377    0.066424     -3.2831
   514     2.59568    -8.79695     0.03634    0.065351     -3.2831
   515     2.59817   -10.02036     0.03490    0.060547     -3.2831
   516     3.16951    -9.61239    -0.04251    0.058003     -3.2831
   517     3.17177   -10.83600    -0.04388    0.056978     -3.2831
   518     3.74315   -10.42803    -0.12128    0.055295     -3.2831
   519     3.74524   -11.65176    -0.12260    0.056998     -3.2831
   520     4.36526   -11.85578     0.14968    0.058798     -3.2831
   521     4.36722   -13.07951     0.14840    0.059925     -3.2831
   522     4.93867   -12.67161     0.07097    0.060024     -3.2831
   523     4.94054   -13.89533     0.06972    0.060734     -3.2831
   524     5.51201   -13.48742    -0.00772    0.060614     -3.2831
   525     5.51380   -14.71114    -0.00892    0.061716     -3.2831
   526     6.08530   -14.30323    -0.08638    0.061455     -3.2831
   527     6.08702   -15.52694    -0.08752    0.062431     -3.2831
   528     6.65854   -15.11903    -0.16500    0.061957     -3.2831
   529     6.66020   -16.34274    -0.16610    0.063631     -3.2831
   530     7.28022   -16.54668     0.10620    0.064029     -3.2831
   531     7.28179   -17.77037     0.10517    0.065198     -3.2831
   532     7.85335   -17.36247     0.02766    0.064623     -3.2831
   533     7.85487   -18.58614     0.02667    0.066395     -3.2831
   534    -1.62295    -0.62944    -0.09642   -0.807913     -3.2523
   535    -1.07574    -0.21883    -0.14562   -1.197159     -3.2651
   536    -0.97839    -0.85241     0.17373    0.768459     -3.2632
   537    -0.91193    -2.08471     0.15667    0.552968     -3.2820
   538    -0.34869    -1.67156     0.08556    0.460154     -3.2825
   539    -0.33280    -2.89539     0.07832    0.321699     -3.2824
   540     0.23785    -2.48852    -0.00092    0.424228     -3.2814
   541     0.24252    -3.70537     0.00028    0.160853     -3.2827
   542     0.81357    -3.29821    -0.07826    0.170441     -3.2827
   543     0.81811    -4.51723    -0.07694    0.073470     -3.2830
   544     1.38905    -4.11039    -0.15470    0.091161     -3.2830
   545     1.39391    -5.33172    -0.15464    0.075033     -3.2830
   546     2.01341    -5.53687     0.11816    0.107978     -3.2829
   547     2.01801    -6.75891     0.11680    0.089541     -3.2830
   548     2.58895    -6.35138     0.03933    0.093695     -3.2830
   549     2.59271    -7.57389     0.03783    0.075678     -3.2831
   550     3.16382    -7.16600    -0.03968    0.073135     -3.2831
   551     3.16694    -8.38899    -0.04110    0.062015     -3.2831
   552     3.73816    -7.98097    -0.11857    0.057282     -3.2831
   553     3.74083    -9.20440    -0.11992    0.055297     -3.2831
   554     4.36077    -9.40848     0.15242    0.058334     -3.2831
   555     4.36314   -10.63210     0.15103    0.057900     -3.2831
   556     4.93449   -10.22422     0.07366    0.058385     -3.2831
   557     4.93667   -11.44790     0.07228    0.058503     -3.2831
   558     5.50807   -11.04001    -0.00512    0.059037     -3.2831
   559     5.51011   -12.26371    -0.00646    0.059661     -3.2831
   560     6.08155   -11.85581    -0.08388    0.059350     -3.2831
   561     6.08348   -13.07951    -0.08517    0.060060     -3.2831
   562     6.65494   -12.67159    -0.16261    0.059232     -3.2831
   563     6.65679   -13.89531    -0.16384    0.060508     -3.2831
   564     7.27682   -14.09928     0.10844    0.061105     -3.2831
   565     7.27857   -15.32298     0.10729    0.062341     -3.2831
   566     7.85008   -14.91507     0.02982    0.061752     -3.2831
   567     7.85176   -16.13878     0.02871    0.063721     -3.2831
   568    -0.44516    -0.42370     0.13422   -0.879896     -3.2665
   569    -0.03266     0.02700    -0.15282   -1.144185     -3.1162
   570     0.20232    -1.25398     0.01184    0.151760     -3.2771
   571     0.73830    -0.83028    -0.06731   -0.748146     -3.2621
   572     0.80598    -2.08017    -0.08030    0.505562     -3.2811
   573     1.36889    -1.67012    -0.15462    0.532861     -3.2809
   574     1.38472    -2.89152    -0.15621    0.209396     -3.2827
   575     2.00279    -3.09832     0.11804    0.259398     -3.2825
   576     2.00793    -4.31630     0.11885    0.143203     -3.2828
   577     2.57892    -3.91029     0.04068    0.183609     -3.2827
   578     2.58418    -5.12988     0.04060    0.120435     -3.2829
   579     3.15503    -4.72277    -0.03724    0.129500     -3.2829
   580     3.15987    -5.94373    -0.03825    0.092562     -3.2830
   581     3.73074    -5.53592    -0.11603    0.087191     -3.2830
   582     3.73487    -6.75799    -0.11726    0.065839     -3.2831
   583     4.35460    -6.96210     0.15517    0.069743     -3.2831
   584     4.35801    -8.18507     0.15382    0.061218     -3.2831
   585     4.92912    -7.77719     0.07643    0.059342     -3.2831
   586     4.93203    -9.00062     0.07507    0.058161     -3.2831
   587     5.50328    -8.59281    -0.00228    0.059612     -3.2831
   588     5.50583    -9.81637    -0.00372    0.059144     -3.2831
   589     6.07717    -9.40854    -0.08109    0.060622     -3.2831
   590     6.07947   -10.63213    -0.08252    0.059637     -3.2831
   591     6.65086   -10.22424    -0.15993    0.059316     -3.2831
   592     6.65298   -11.44788    -0.16130    0.058780     -3.2831
   593     7.27300   -11.65190     0.11095    0.060142     -3.2831
   594     7.27498   -12.87557     0.10966    0.060051     -3.2831
   595     7.84642   -12.46764     0.03223    0.059252     -3.2831
   596     7.84830   -13.69135     0.03099    0.060099     -3.2831
   597     1.26477    -0.42081    -0.14333   -1.045939     -3.1393
   598     1.90648    -0.61865     0.15146   -2.313404     -3.2064
   599     1.99170    -1.87918     0.11833    0.601395     -3.2817
   600     2.54952    -1.46762     0.04073    0.622823     -3.2821
   601     2.57412    -2.69313     0.03867    0.387382     -3.2818
   602     3.14423    -2.28585    -0.04149    0.510586     -3.2813
   603     3.15025    -3.50406    -0.03808    0.228417     -3.2827
   604     3.72186    -3.09765    -0.11689    0.287733     -3.2825
   605     3.72603    -4.31552    -0.11546    0.137384     -3.2828
   606     4.34499    -4.51972     0.15738    0.141258     -3.2828
   607     4.35024    -5.74005     0.15645    0.092771     -3.2830
   608     4.92084    -5.33228     0.07864    0.084867     -3.2830
   609     4.92546    -6.55421     0.07767    0.064416     -3.2831
   610     5.49628    -6.14645     0.00021    0.061122     -3.2831
   611     5.50019    -7.36942    -0.00092    0.060003     -3.2831
   612     6.07125    -6.96179    -0.07827    0.064785     -3.2831
   613     6.07451    -8.18506    -0.07963    0.063018     -3.2831
   614     6.64575    -7.77735    -0.15700    0.066671     -3.2831
   615     6.64851    -9.00070    -0.15848    0.062440     -3.2831
   616     7.26845    -9.20485     0.11377    0.066424     -3.2831
   617     7.27085   -10.42829     0.11232    0.061633     -3.2831
   618     7.84221   -10.02036     0.03490    0.060547     -3.2831
   619     7.84441   -11.24395     0.03353    0.058567     -3.2831
   620     3.09208    -1.04094    -0.02771   -0.396623     -3.2746
   621     3.62109    -0.62944    -0.09642   -0.807913     -3.2523
   622     3.71009    -1.87812    -0.11699    0.622472     -3.2808
   623     4.33211    -2.08471     0.15667    0.552968     -3.2820
   624     4.34005    -3.30194     0.15707    0.254440     -3.2827
   625     4.91125    -2.89539     0.07832    0.321699     -3.2824
   626     4.91567    -4.11254     0.07891    0.149791     -3.2827
   627     5.48656    -3.70537     0.00028    0.160853     -3.2827
   628     5.49144    -4.92460     0.00081    0.075645     -3.2830
   629     6.06215    -4.51723    -0.07694    0.073470     -3.2830
   630     6.06709    -5.73893    -0.07721    0.063527     -3.2831
   631     6.63795    -5.33172    -0.15464    0.075033     -3.2830
   632     6.64231    -6.55428    -0.15563    0.072752     -3.2830
   633     7.26205    -6.75891     0.11680    0.089541     -3.2830
   634     7.26560    -7.98167     0.11528    0.075073     -3.2831
   635     7.83676    -7.57389     0.03783    0.075678     -3.2831
   636     7.83973    -8.79695     0.03634    0.065351     -3.2831
   637     4.16831    -0.21883    -0.14562   -1.197159     -3.2651
   638     4.26566    -0.85241     0.17373    0.768459     -3.2632
   639     4.79889    -0.42370     0.13422   -0.879896     -3.2665
   640     4.89536    -1.67156     0.08556    0.460154     -3.2825
   641     5.44637    -1.25398     0.01184    0.151760     -3.2771
   642     5.48190    -2.48852    -0.00092    0.424228     -3.2814
   643     6.05002    -2.08017    -0.08030    0.505562     -3.2811
   644     6.05761    -3.29821    -0.07826    0.170441     -3.2827
   645     6.62877    -2.89152    -0.15621    0.209396     -3.2827
   646     6.63309    -4.11039    -0.15470    0.091161     -3.2830
   647     7.25197    -4.31630     0.11885    0.143203     -3.2828
   648     7.25746    -5.53687     0.11816    0.107978     -3.2829
   649     7.82822    -5.12988     0.04060    0.120435     -3.2829
   650     7.83300    -6.35138     0.03933    0.093695     -3.2830
   651     5.21138     0.02700    -0.15282   -1.144185     -3.1162
   652     5.98234    -0.83028    -0.06731   -0.748146     -3.2621
   653     6.50881    -0.42081    -0.14333   -1.045939     -3.1393
   654     6.61294    -1.67012    -0.15462    0.532861     -3.2809
   655     7.23574    -1.87918     0.11833    0.601395     -3.2817
   656     7.24684    -3.09832     0.11804    0.259398     -3.2825
   657     7.81816    -2.69313     0.03867    0.387382     -3.2818
   658     7.82297    -3.91029     0.04068    0.183609     -3.2827
   659     7.15053    -0.61865     0.15146   -2.313404     -3.2064
   660     7.79356    -1.46762     0.04073    0.622823     -3.2821
   661    -7.14130     0.64370     0.06905   -1.402727     -3.2073
   662    -6.51894     0.45304    -0.17530   -0.265243     -3.2530
   663    -7.24428     3.11876     0.07015    0.171205     -3.2828
   664    -7.23188     1.89471     0.06833    0.256712     -3.2825
   665    -6.66712     2.31012     0.14596    0.434979     -3.2820
   666    -6.61813     1.08236     0.15651    0.507215     -3.2756
   667    -6.04722     2.10857    -0.12604    0.595267     -3.2812
   668    -5.98761     0.87533    -0.11490    0.161031     -3.2689
   669    -5.44474     1.29602    -0.03899    0.781247     -3.2790
   670    -4.79904     0.44213     0.08651   -1.567639     -3.2459
   671    -4.17849     0.24694    -0.15077   -1.904429     -3.1337
   672    -7.25395     5.55993     0.07673    0.054121     -3.2830
   673    -7.24895     4.33843     0.07413    0.083355     -3.2829
   674    -6.67849     4.74646     0.15332    0.098640     -3.2829
   675    -6.67372     3.52756     0.15001    0.194776     -3.2828
   676    -6.05951     4.54329    -0.12022    0.117481     -3.2829
   677    -6.05551     3.32540    -0.12405    0.262974     -3.2826
   678    -5.48366     3.73379    -0.04440    0.250843     -3.2826
   679    -5.47870     2.51937    -0.04814    0.615437     -3.2811
   680    -4.90712     2.92567     0.03061    0.476419     -3.2815
   681    -4.89012     1.70640     0.03498    0.931577     -3.2783
   682    -4.32630     2.11272     0.10792    0.665372     -3.2803
   683    -3.70510     1.89969    -0.16221    0.474630     -3.2818
   684    -4.26497     0.86569     0.14807   -0.247571     -3.2569
   685    -3.63466     0.66349    -0.14926    0.482037     -3.1558
   686    -3.09114     1.06275    -0.07715   -0.474135     -3.2765
   687    -2.39948     0.20165     0.02953   -5.814513     -3.2069
   688    -7.26160     8.00640     0.08030    0.043511     -3.2831
   689    -7.25826     6.78285     0.07866    0.046168     -3.2831
   690    -6.68734     7.19068     0.15712    0.046284     -3.2831
   691    -6.68336     5.96783     0.15542    0.061674     -3.2830
   692    -6.06767     6.98655    -0.11582    0.043324     -3.2831
   693    -6.06391     5.76402    -0.11770    0.063956     -3.2830
   694    -5.49293     6.17243    -0.03895    0.078433     -3.2830
   695    -5.48839     4.95164    -0.04106    0.128275     -3.2829
   696    -4.91738     5.35935     0.03778    0.127910     -3.2829
   697    -4.91209     4.14063     0.03490    0.215714     -3.2826
   698    -4.34099     4.54658     0.11390    0.174394     -3.2827
   699    -3.72178     4.34019    -0.15993    0.116770     -3.2827
   700    -4.33533     3.32964     0.10997    0.317630     -3.2821
   701    -3.71685     3.12077    -0.16405    0.217088     -3.2824
   702    -3.14583     3.52553    -0.08485    0.132849     -3.2826
   703    -3.13855     2.30585    -0.08882    0.360105     -3.2815
   704    -2.56989     2.71135    -0.01023    0.211435     -3.2821
   705    -2.54376     1.47792    -0.00966   -0.008802     -3.2796
   706    -1.98783     1.89471     0.06833    0.256712     -3.2825
   707    -1.89726     0.64370     0.06905   -1.402727     -3.2073
   708    -1.37409     1.08236     0.15651    0.507215     -3.2756
   709    -1.27489     0.45304    -0.17530   -0.265243     -3.2530
   710    -0.74357     0.87533    -0.11490    0.161031     -3.2689
   711    -7.26648    10.45419     0.08303    0.036221     -3.2831
   712    -7.26425     9.23022     0.08172    0.039820     -3.2831
   713    -6.69292     9.63811     0.16001    0.036810     -3.2831
   714    -6.69043     8.41424     0.15865    0.039921     -3.2831
   715    -6.07302     9.43390    -0.11275    0.031897     -3.2831
   716    -6.07062     8.21000    -0.11420    0.034291     -3.2831
   717    -5.49933     8.61819    -0.03581    0.039037     -3.2831
   718    -5.49653     7.39486    -0.03729    0.052578     -3.2831
   719    -4.92532     7.80306     0.04117    0.058575     -3.2831
   720    -4.92189     6.58053     0.03965    0.084959     -3.2830
   721    -4.35082     6.98833     0.11811    0.083518     -3.2830
   722    -3.73102     6.78389    -0.15482    0.073714     -3.2830
   723    -4.34648     5.76657     0.11638    0.118156     -3.2829
   724    -3.72684     5.56147    -0.15686    0.089996     -3.2829
   725    -3.15592     5.96826    -0.07829    0.068686     -3.2830
   726    -3.15097     4.74602    -0.08088    0.076713     -3.2829
   727    -2.58041     5.15257    -0.00203    0.056453     -3.2830
   728    -2.57529     3.93130    -0.00529    0.087641     -3.2828
   729    -2.00491     4.33843     0.07413    0.083355     -3.2829
   730    -2.00024     3.11876     0.07015    0.171205     -3.2828
   731    -1.42967     3.52756     0.15001    0.194776     -3.2828
   732    -1.42308     2.31012     0.14596    0.434979     -3.2820
   733    -0.81146     3.32540    -0.12405    0.262974     -3.2826
   734    -0.80317     2.10857    -0.12604    0.595267     -3.2812
   735    -0.23466     2.51937    -0.04814    0.615437     -3.2811
   736    -0.20069     1.29602    -0.03899    0.781247     -3.2790
   737     0.35392     1.70640     0.03498    0.931577     -3.2783
   738     0.44500     0.44213     0.08651   -1.567639     -3.2459
   739     0.97907     0.86569     0.14807   -0.247571     -3.2569
   740     1.06556     0.24694    -0.15077   -1.904429     -3.1337
   741     1.60939     0.66349    -0.14926    0.482037     -3.1558
   742    -7.27026    12.90244     0.08541    0.029842     -3.2831
   743    -7.26846    11.67828     0.08424    0.032883     -3.2831
   744    -6.69699    12.08629     0.16249    0.031301     -3.2831
   745    -6.69507    10.86215     0.16129    0.033534     -3.2831
   746    -6.07699    11.88217    -0.11020    0.029273     -3.2831
   747    -6.07510    10.65798    -0.11144    0.030019     -3.2831
   748    -5.50366    11.06606    -0.03316    0.030172     -3.2831
   749    -5.50163     9.84200    -0.03444    0.033569     -3.2831
   750    -4.93022    10.25013     0.04387    0.035205     -3.2831
   751    -4.92799     9.02636     0.04256    0.043154     -3.2831
   752    -4.35663     9.43446     0.12090    0.045168     -3.2831
   753    -3.73670     9.23041    -0.15184    0.044903     -3.2831
   754    -4.35407     8.21108     0.11957    0.060495     -3.2831
   755    -3.73419     8.00694    -0.15323    0.056872     -3.2831
   756    -3.16286     8.41470    -0.07488    0.051659     -3.2831
   757    -3.15985     7.19130    -0.07642    0.061813     -3.2830
   758    -2.58870     7.59876     0.00195    0.050773     -3.2831
   759    -2.58507     6.37535     0.00019    0.053214     -3.2830
   760    -2.01422     6.78285     0.07866    0.046168     -3.2831
   761    -2.00990     5.55993     0.07673    0.054121     -3.2830
   762    -1.43932     5.96783     0.15542    0.061674     -3.2830
   763    -1.43445     4.74646     0.15332    0.098640     -3.2829
   764    -0.81987     5.76402    -0.11770    0.063956     -3.2830
   765    -0.81546     4.54329    -0.12022    0.117481     -3.2829
   766    -0.24434     4.95164    -0.04106    0.128275     -3.2829
   767    -0.23962     3.73379    -0.04440    0.250843     -3.2826
   768     0.33196     4.14063     0.03490    0.215714     -3.2826
   769     0.33692     2.92567     0.03061    0.476419     -3.2815
   770     0.90872     3.32964     0.10997    0.317630     -3.2821
   771     1.52719     3.12077    -0.16405    0.217088     -3.2824
   772     0.91774     2.11272     0.10792    0.665372     -3.2803
   773     1.53895     1.89969    -0.16221    0.474630     -3.2818
   774     2.10549     2.30585    -0.08882    0.360105     -3.2815
   775     2.15290     1.06275    -0.07715   -0.474135     -3.2765
   776     2.70029     1.47792    -0.00966   -0.008802     -3.2796
   777     2.84456     0.20165     0.02953   -5.814513     -3.2069
   778     3.34679     0.64370     0.06905   -1.402727     -3.2073
   779     3.96915     0.45304    -0.17530   -0.265243     -3.2530
   780    -7.27350    15.35095     0.08756    0.025450     -3.2831
   781    -7.27194    14.12667     0.08652    0.027765     -3.2831
   782    -6.70039    14.53476     0.16472    0.026838     -3.2831
   783    -6.69875    13.31050     0.16364    0.028864     -3.2831
   784    -6.08039    14.33069    -0.10793    0.026326     -3.2831
   785    -6.07874    13.10641    -0.10903    0.027677     -3.2831
   786    -5.50722    13.51449    -0.03081    0.026872     -3.2831
   787    -5.50550    12.29024    -0.03195    0.028803     -3.2831
   788    -4.93400    12.69833     0.04629    0.028479     -3.2831
   789    -4.93220    11.47416     0.04511    0.030939     -3.2831
   790    -4.36073    11.88227     0.12337    0.031362     -3.2831
   791    -3.74073    11.67823    -0.14933    0.031425     -3.2831
   792    -4.35879    10.65824     0.12216    0.036571     -3.2831
   793    -3.73882    10.45422    -0.15055    0.036510     -3.2831
   794    -3.16735    10.86226    -0.07227    0.036068     -3.2831
   795    -3.16527     9.63837    -0.07353    0.042842     -3.2831
   796    -2.59385    10.04628     0.00475    0.039696     -3.2831
   797    -2.59153     8.82243     0.00343    0.045251     -3.2831
   798    -2.02021     9.23022     0.08172    0.039820     -3.2831
   799    -2.01756     8.00640     0.08030    0.043511     -3.2831
   800    -1.44638     8.41424     0.15865    0.039921     -3.2831
   801    -1.44330     7.19068     0.15712    0.046284     -3.2831
   802    -0.82658     8.21000    -0.11420    0.034291     -3.2831
   803    -0.82363     6.98655    -0.11582    0.043324     -3.2831
   804    -0.25248     7.39486    -0.03729    0.052578     -3.2831
   805    -0.24888     6.17243    -0.03895    0.078433     -3.2830
   806     0.32215     6.58053     0.03965    0.084959     -3.2830
   807     0.32667     5.35935     0.03778    0.127910     -3.2829
   808     0.89756     5.76657     0.11638    0.118156     -3.2829
   809     1.51721     5.56147    -0.15686    0.089996     -3.2829
   810     0.90306     4.54658     0.11390    0.174394     -3.2827
   811     1.52226     4.34019    -0.15993    0.116770     -3.2827
   812     2.09308     4.74602    -0.08088    0.076713     -3.2829
   813     2.09822     3.52553    -0.08485    0.132849     -3.2826
   814     2.66875     3.93130    -0.00529    0.087641     -3.2828
   815     2.67415     2.71135    -0.01023    0.211435     -3.2821
   816     3.24381     3.11876     0.07015    0.171205     -3.2828
   817     3.25621     1.89471     0.06833    0.256712     -3.2825
   818     3.82097     2.31012     0.14596    0.434979     -3.2820
   819     3.86996     1.08236     0.15651    0.507215     -3.2756
   820     4.44087     2.10857    -0.12604    0.595267     -3.2812
   821     4.50048     0.87533    -0.11490    0.161031     -3.2689
   822     5.04335     1.29602    -0.03899    0.781247     -3.2790
   823     5.68905     0.44213     0.08651   -1.567639     -3.2459
   824     6.30960     0.24694    -0.15077   -1.904429     -3.1337
   825    -7.27634    17.79962     0.08945    0.022159     -3.2831
   826    -7.27497    16.57527     0.08854    0.023754     -3.2831
   827    -6.70336    16.98338     0.16670    0.023203     -3.2831
   828    -6.70193    15.75905     0.16575    0.025018     -3.2831
   829    -6.08338    16.77933    -0.10593    0.023332     -3.2831
   830    -6.08193    15.55499    -0.10690    0.024982     -3.2831
   831    -5.51034    15.96310    -0.02872    0.024391     -3.2831
   832    -5.50883    14.73878    -0.02973    0.025735     -3.2831
   833    -4.93727    15.14687     0.04847    0.025043     -3.2831
   834    -4.93569    13.92258     0.04741    0.026657     -3.2831
   835    -4.36415    14.33068     0.12562    0.026437     -3.2831
   836    -3.74414    14.12664    -0.14704    0.026270     -3.2831
   837    -4.36249    13.10643     0.12452    0.028463     -3.2831
   838    -3.74249    12.90239    -0.14815    0.028727     -3.2831
   839    -3.17096    13.31050    -0.06992    0.028552     -3.2831
   840    -3.16923    12.08632    -0.07107    0.031634     -3.2831
   841    -2.59772    12.49439     0.00718    0.030806     -3.2831
   842    -2.59588    11.27027     0.00599    0.034868     -3.2831
   843    -2.02442    11.67828     0.08424    0.032883     -3.2831
   844    -2.02244    10.45419     0.08303    0.036221     -3.2831
   845    -1.45102    10.86215     0.16129    0.033534     -3.2831
   846    -1.44888     9.63811     0.16001    0.036810     -3.2831
   847    -0.83106    10.65798    -0.11144    0.030019     -3.2831
   848    -0.82897     9.43390    -0.11275    0.031897     -3.2831
   849    -0.25759     9.84200    -0.03444    0.033569     -3.2831
   850    -0.25529     8.61819    -0.03581    0.039037     -3.2831
   851     0.31605     9.02636     0.04256    0.043154     -3.2831
   852     0.31872     7.80306     0.04117    0.058575     -3.2831
   853     0.88997     8.21108     0.11957    0.060495     -3.2831
   854     1.50985     8.00694    -0.15323    0.056872     -3.2831
   855     0.89323     6.98833     0.11811    0.083518     -3.2830
   856     1.51303     6.78389    -0.15482    0.073714     -3.2830
   857     2.08419     7.19130    -0.07642    0.061813     -3.2830
   858     2.08813     5.96826    -0.07829    0.068686     -3.2830
   859     2.65897     6.37535     0.00019    0.053214     -3.2830
   860     2.66363     5.15257    -0.00203    0.056453     -3.2830
   861     3.23414     5.55993     0.07673    0.054121     -3.2830
   862     3.23914     4.33843     0.07413    0.083355     -3.2829
   863     3.80960     4.74646     0.15332    0.098640     -3.2829
   864     3.81437     3.52756     0.15001    0.194776     -3.2828
   865     4.42858     4.54329    -0.12022    0.117481     -3.2829
   866     4.43258     3.32540    -0.12405    0.262974     -3.2826
   867     5.00443     3.73379    -0.04440    0.250843     -3.2826
   868     5.00939     2.51937    -0.04814    0.615437     -3.2811
   869     5.58097     2.92567     0.03061    0.476419     -3.2815
   870     5.59797     1.70640     0.03498    0.931577     -3.2783
   871     6.16179     2.11272     0.10792    0.665372     -3.2803
   872     6.78299     1.89969    -0.16221    0.474630     -3.2818
   873     6.22311     0.86569     0.14807   -0.247571     -3.2569
   874     6.85343     0.66349    -0.14926    0.482037     -3.1558
   875     7.39695     1.06275    -0.07715   -0.474135     -3.2765
   876    -7.64352     0.20165     0.02953   -5.814513     -3.2069
   877    -7.27879    20.24841     0.09106    0.018801     -3.2831
   878    -7.27761    19.02401     0.09028    0.020439     -3.2831
   879    -6.70594    19.43214     0.16840    0.020005     -3.2831
   880    -6.70470    18.20774     0.16758    0.021628     -3.2831
   881    -6.08598    19.22808    -0.10421    0.020009     -3.2831
   882    -6.08473    18.00369    -0.10503    0.021962     -3.2831
   883    -5.51308    18.41181    -0.02690    0.021419     -3.2831
   884    -5.51176    17.18744    -0.02777    0.022788     -3.2831
   885    -4.94014    17.59556     0.05038    0.022217     -3.2831
   886    -4.93875    16.37121     0.04946    0.023941     -3.2831
   887    -4.36715    16.77932     0.12762    0.023549     -3.2831
   888    -3.74716    16.57526    -0.14501    0.023204     -3.2831
   889    -4.36570    15.55498     0.12665    0.024498     -3.2831
   890    -3.74570    15.35093    -0.14599    0.025173     -3.2831
   891    -3.17412    15.75904    -0.06781    0.024740     -3.2831
   892    -3.17259    14.53475    -0.06883    0.026422     -3.2831
   893    -2.60103    14.94285     0.00937    0.026051     -3.2831
   894    -2.59943    13.71859     0.00830    0.028279     -3.2831
   895    -2.02790    14.12667     0.08652    0.027765     -3.2831
   896    -2.02621    12.90244     0.08541    0.029842     -3.2831
   897    -1.45470    13.31050     0.16364    0.028864     -3.2831
   898    -1.45294    12.08629     0.16249    0.031301     -3.2831
   899    -0.83470    13.10641    -0.10903    0.027677     -3.2831
   900    -0.83295    11.88217    -0.11020    0.029273     -3.2831
   901    -0.26146    12.29024    -0.03195    0.028803     -3.2831
   902    -0.25961    11.06606    -0.03316    0.030172     -3.2831
   903     0.31184    11.47416     0.04511    0.030939     -3.2831
   904     0.31382    10.25013     0.04387    0.035205     -3.2831
   905     0.88525    10.65824     0.12216    0.036571     -3.2831
   906     1.50523    10.45422    -0.15055    0.036510     -3.2831
   907     0.88741     9.43446     0.12090    0.045168     -3.2831
   908     1.50735     9.23041    -0.15184    0.044903     -3.2831
   909     2.07877     9.63837    -0.07353    0.042842     -3.2831
   910     2.08119     8.41470    -0.07488    0.051659     -3.2831
   911     2.65251     8.82243     0.00343    0.045251     -3.2831
   912     2.65534     7.59876     0.00195    0.050773     -3.2831
   913     3.22649     8.00640     0.08030    0.043511     -3.2831
   914     3.22983     6.78285     0.07866    0.046168     -3.2831
   915     3.80075     7.19068     0.15712    0.046284     -3.2831
   916     3.80472     5.96783     0.15542    0.061674     -3.2830
   917     4.42042     6.98655    -0.11582    0.043324     -3.2831
   918     4.42417     5.76402    -0.11770    0.063956     -3.2830
   919     4.99516     6.17243    -0.03895    0.078433     -3.2830
   920     4.99970     4.95164    -0.04106    0.128275     -3.2829
   921     5.57071     5.35935     0.03778    0.127910     -3.2829
   922     5.57600     4.14063     0.03490    0.215714     -3.2826
   923     6.14710     4.54658     0.11390    0.174394     -3.2827
   924     6.76631     4.34019    -0.15993    0.116770     -3.2827
   925     6.15276     3.32964     0.10997    0.317630     -3.2821
   926     6.77124     3.12077    -0.16405    0.217088     -3.2824
   927     7.34226     3.52553    -0.08485    0.132849     -3.2826
   928     7.34954     2.30585    -0.08882    0.360105     -3.2815
   929    -7.81393     2.71135    -0.01023    0.211435     -3.2821
   930    -7.78780     1.47792    -0.00966   -0.008802     -3.2796
   931    -7.28083    22.69730     0.09239    0.015408     -3.2831
   932    -7.27986    21.47284     0.09175    0.017333     -3.2831
   933    -6.70812    21.88099     0.16982    0.016841     -3.2831
   934    -6.70708    20.65655     0.16915    0.018209     -3.2831
   935    -6.08820    21.67692    -0.10276    0.016924     -3.2831
   936    -6.08714    20.45249    -0.10345    0.018668     -3.2831
   937    -5.51543    20.86063    -0.02536    0.018181     -3.2831
   938    -5.51430    19.63621    -0.02610    0.019537     -3.2831
   939    -4.94261    20.04434     0.05201    0.019151     -3.2831
   940    -4.94142    18.81994     0.05122    0.020768     -3.2831
   941    -4.36976    19.22807     0.12934    0.020269     -3.2831
   942    -3.74980    19.02401    -0.14326    0.020391     -3.2831
   943    -4.36850    18.00368     0.12852    0.021561     -3.2831
   944    -3.74853    17.79962    -0.14410    0.022019     -3.2831
   945    -3.17688    18.20774    -0.06597    0.021554     -3.2831
   946    -3.17555    16.98338    -0.06685    0.022789     -3.2831
   947    -2.60393    17.39150     0.01130    0.022570     -3.2831
   948    -2.60253    16.16716     0.01037    0.024179     -3.2831
   949    -2.03093    16.57527     0.08854    0.023754     -3.2831
   950    -2.02946    15.35095     0.08756    0.025450     -3.2831
   951    -1.45788    15.75905     0.16575    0.025018     -3.2831
   952    -1.45635    14.53476     0.16472    0.026838     -3.2831
   953    -0.83788    15.55499    -0.10690    0.024982     -3.2831
   954    -0.83634    14.33069    -0.10793    0.026326     -3.2831
   955    -0.26479    14.73878    -0.02973    0.025735     -3.2831
   956    -0.26318    13.51449    -0.03081    0.026872     -3.2831
   957     0.30835    13.92258     0.04741    0.026657     -3.2831
   958     0.31004    12.69833     0.04629    0.028479     -3.2831
   959     0.88155    13.10643     0.12452    0.028463     -3.2831
   960     1.50156    12.90239    -0.14815    0.028727     -3.2831
   961     0.88332    11.88227     0.12337    0.031362     -3.2831
   962     1.50332    11.67823    -0.14933    0.031425     -3.2831
   963     2.07482    12.08632    -0.07107    0.031634     -3.2831
   964     2.07669    10.86226    -0.07227    0.036068     -3.2831
   965     2.64816    11.27027     0.00599    0.034868     -3.2831
   966     2.65019    10.04628     0.00475    0.039696     -3.2831
   967     3.22160    10.45419     0.08303    0.036221     -3.2831
   968     3.22383     9.23022     0.08172    0.039820     -3.2831
   969     3.79516     9.63811     0.16001    0.036810     -3.2831
   970     3.79766     8.41424     0.15865    0.039921     -3.2831
   971     4.41507     9.43390    -0.11275    0.031897     -3.2831
   972     4.41747     8.21000    -0.11420    0.034291     -3.2831
   973     4.98876     8.61819    -0.03581    0.039037     -3.2831
   974     4.99156     7.39486    -0.03729    0.052578     -3.2831
   975     5.56277     7.80306     0.04117    0.058575     -3.2831
   976     5.56619     6.58053     0.03965    0.084959     -3.2830
   977     6.13727     6.98833     0.11811    0.083518     -3.2830
   978     6.75707     6.78389    -0.15482    0.073714     -3.2830
   979     6.14161     5.76657     0.11638    0.118156     -3.2829
   980     6.76125     5.56147    -0.15686    0.089996     -3.2829
   981     7.33217     5.96826    -0.07829    0.068686     -3.2830
   982     7.33712     4.74602    -0.08088    0.076713     -3.2829
   983    -7.82446     5.15257    -0.00203    0.056453     -3.2830
   984    -7.81933     3.93130    -0.00529    0.087641     -3.2828
   985    -7.28247    25.14630     0.09345    0.012305     -3.2831
   986    -7.28170    23.92179     0.09295    0.014027     -3.2831
   987    -6.70989    24.32995     0.17097    0.013446     -3.2831
   988    -6.70906    23.10546     0.17043    0.014881     -3.2831
   989    -6.09001    24.12587    -0.10159    0.013684     -3.2831
   990    -6.08915    22.90138    -0.10214    0.015379     -3.2831
   991    -5.51737    23.30954    -0.02410    0.014871     -3.2831
   992    -5.51645    22.08507    -0.02469    0.016392     -3.2831
   993    -4.94469    22.49322     0.05336    0.015926     -3.2831
   994    -4.94370    21.26877     0.05272    0.017466     -3.2831
   995    -4.37197    21.67692     0.13079    0.016853     -3.2831
   996    -3.75204    21.47285    -0.14179    0.017215     -3.2831
   997    -4.37091    20.45248     0.13010    0.018555     -3.2831
   998    -3.75097    20.24841    -0.14249    0.018846     -3.2831
   999    -3.17926    20.65655    -0.06440    0.018342     -3.2831
  1000    -3.17812    19.43214    -0.06515    0.019852     -3.2831
  1001    -2.60644    19.84027     0.01296    0.019298     -3.2831
  1002    -2.60523    18.61588     0.01216    0.020955     -3.2831
  1003    -2.03357    19.02401     0.09028    0.020439     -3.2831
  1004    -2.03230    17.79962     0.08945    0.022159     -3.2831
  1005    -1.46065    18.20774     0.16758    0.021628     -3.2831
  1006    -1.45932    16.98338     0.16670    0.023203     -3.2831
  1007    -0.84068    18.00369    -0.10503    0.021962     -3.2831
  1008    -0.83933    16.77933    -0.10593    0.023332     -3.2831
  1009    -0.26772    17.18744    -0.02777    0.022788     -3.2831
  1010    -0.26630    15.96310    -0.02872    0.024391     -3.2831
  1011     0.30529    16.37121     0.04946    0.023941     -3.2831
  1012     0.30678    15.14687     0.04847    0.025043     -3.2831
  1013     0.87835    15.55498     0.12665    0.024498     -3.2831
  1014     1.49835    15.35093    -0.14599    0.025173     -3.2831
  1015     0.87989    14.33068     0.12562    0.026437     -3.2831
  1016     1.49990    14.12664    -0.14704    0.026270     -3.2831
  1017     2.07145    14.53475    -0.06883    0.026422     -3.2831
  1018     2.07308    13.31050    -0.06992    0.028552     -3.2831
  1019     2.64461    13.71859     0.00830    0.028279     -3.2831
  1020     2.64632    12.49439     0.00718    0.030806     -3.2831
  1021     3.21783    12.90244     0.08541    0.029842     -3.2831
  1022     3.21963    11.67828     0.08424    0.032883     -3.2831
  1023     3.79110    12.08629     0.16249    0.031301     -3.2831
  1024     3.79302    10.86215     0.16129    0.033534     -3.2831
  1025     4.41110    11.88217    -0.11020    0.029273     -3.2831
  1026     4.41299    10.65798    -0.11144    0.030019     -3.2831
  1027     4.98443    11.06606    -0.03316    0.030172     -3.2831
  1028     4.98646     9.84200    -0.03444    0.033569     -3.2831
  1029     5.55787    10.25013     0.04387    0.035205     -3.2831
  1030     5.56009     9.02636     0.04256    0.043154     -3.2831
  1031     6.13146     9.43446     0.12090    0.045168     -3.2831
  1032     6.75139     9.23041    -0.15184    0.044903     -3.2831
  1033     6.13402     8.21108     0.11957    0.060495     -3.2831
  1034     6.75390     8.00694    -0.15323    0.056872     -3.2831
  1035     7.32523     8.41470    -0.07488    0.051659     -3.2831
  1036     7.32824     7.19130    -0.07642    0.061813     -3.2830
  1037    -7.83275     7.59876     0.00195    0.050773     -3.2831
  1038    -7.82911     6.37535     0.00019    0.053214     -3.2830
  1039    -7.28371    27.59539     0.09425    0.008978     -3.2831
  1040    -7.28314    26.37083     0.09388    0.010665     -3.2831
  1041    -6.71127    26.77901     0.17186    0.010077     -3.2831
  1042    -6.71063    25.55447     0.17145    0.011817     -3.2831
  1043    -6.09142    26.57492    -0.10068    0.010376     -3.2831
  1044    -6.09076    25.35039    -0.10110    0.012083     -3.2831
  1045    -5.51891    25.75856    -0.02310    0.011516     -3.2831
  1046    -5.51819    24.53404    -0.02357    0.013093     -3.2831
  1047    -4.94637    24.94221     0.05445    0.012518     -3.2831
  1048    -4.94558    23.71770     0.05394    0.014304     -3.2831
  1049    -4.37378    24.12587     0.13196    0.013739     -3.2831
  1050    -3.75389    23.92179    -0.14060    0.014047     -3.2831
  1051    -4.37292    22.90138     0.13141    0.015444     -3.2831
  1052    -3.75302    22.69731    -0.14116    0.015657     -3.2831
  1053    -3.18124    23.10546    -0.06312    0.015121     -3.2831
  1054    -3.18030    21.88099    -0.06373    0.016588     -3.2831
  1055    -2.60855    22.28915     0.01433    0.015979     -3.2831
  1056    -2.60754    21.06470     0.01368    0.017833     -3.2831
  1057    -2.03581    21.47284     0.09175    0.017333     -3.2831
  1058    -2.03474    20.24841     0.09106    0.018801     -3.2831
  1059    -1.46303    20.65655     0.16915    0.018209     -3.2831
  1060    -1.46189    19.43214     0.16840    0.020005     -3.2831
  1061    -0.84309    20.45249    -0.10345    0.018668     -3.2831
  1062    -0.84194    19.22808    -0.10421    0.020009     -3.2831
  1063    -0.27026    19.63621    -0.02610    0.019537     -3.2831
  1064    -0.26904    18.41181    -0.02690    0.021419     -3.2831
  1065     0.30262    18.81994     0.05122    0.020768     -3.2831
  1066     0.30391    17.59556     0.05038    0.022217     -3.2831
  1067     0.87555    18.00368     0.12852    0.021561     -3.2831
  1068     1.49552    17.79962    -0.14410    0.022019     -3.2831
  1069     0.87689    16.77932     0.12762    0.023549     -3.2831
  1070     1.49688    16.57526    -0.14501    0.023204     -3.2831
  1071     2.06849    16.98338    -0.06685    0.022789     -3.2831
  1072     2.06992    15.75904    -0.06781    0.024740     -3.2831
  1073     2.64152    16.16716     0.01037    0.024179     -3.2831
  1074     2.64302    14.94285     0.00937    0.026051     -3.2831
  1075     3.21458    15.35095     0.08756    0.025450     -3.2831
  1076     3.21615    14.12667     0.08652    0.027765     -3.2831
  1077     3.78770    14.53476     0.16472    0.026838     -3.2831
  1078     3.78934    13.31050     0.16364    0.028864     -3.2831
  1079     4.40770    14.33069    -0.10793    0.026326     -3.2831
  1080     4.40935    13.10641    -0.10903    0.027677     -3.2831
  1081     4.98087    13.51449    -0.03081    0.026872     -3.2831
  1082     4.98259    12.29024    -0.03195    0.028803     -3.2831
  1083     5.55409    12.69833     0.04629    0.028479     -3.2831
  1084     5.55589    11.47416     0.04511    0.030939     -3.2831
  1085     6.12736    11.88227     0.12337    0.031362     -3.2831
  1086     6.74736    11.67823    -0.14933    0.031425     -3.2831
  1087     6.12929    10.65824     0.12216    0.036571     -3.2831
  1088     6.74927    10.45422    -0.15055    0.036510     -3.2831
  1089     7.32074    10.86226    -0.07227    0.036068     -3.2831
  1090     7.32282     9.63837    -0.07353    0.042842     -3.2831
  1091    -7.83789    10.04628     0.00475    0.039696     -3.2831
  1092    -7.83557     8.82243     0.00343    0.045251     -3.2831
  1093    -7.28456    30.04458     0.09479    0.006235     -3.2831
  1094    -7.28418    28.81998     0.09455    0.007297     -3.2831
  1095    -6.71224    29.22818     0.17249    0.006542     -3.2831
  1096    -6.71180    28.00358     0.17221    0.008344     -3.2831
  1097    -6.09242    29.02409    -0.10003    0.006683     -3.2831
  1098    -6.09197    27.79949    -0.10032    0.008625     -3.2831
  1099    -5.52005    28.20768    -0.02237    0.008097     -3.2831
  1100    -5.51953    26.98311    -0.02270    0.009814     -3.2831
  1101    -4.94764    27.39130     0.05527    0.009226     -3.2831
  1102    -4.94705    26.16674     0.05489    0.010948     -3.2831
  1103    -4.37518    26.57492     0.13287    0.010410     -3.2831
  1104    -3.75533    26.37083    -0.13967    0.010619     -3.2831
  1105    -4.37453    25.35038     0.13245    0.011976     -3.2831
  1106    -3.75466    25.14630    -0.14010    0.012275     -3.2831
  1107    -3.18282    25.55447    -0.06210    0.011764     -3.2831
  1108    -3.18208    24.32995    -0.06258    0.013411     -3.2831
  1109    -2.61026    24.73812     0.01544    0.012828     -3.2831
  1110    -2.60945    23.51362     0.01492    0.014602     -3.2831
  1111    -2.03766    23.92179     0.09295    0.014027     -3.2831
  1112    -2.03679    22.69730     0.09239    0.015408     -3.2831
  1113    -1.46501    23.10546     0.17043    0.014881     -3.2831
  1114    -1.46407    21.88099     0.16982    0.016841     -3.2831
  1115    -0.84511    22.90138    -0.10214    0.015379     -3.2831
  1116    -0.84415    21.67692    -0.10276    0.016924     -3.2831
  1117    -0.27241    22.08507    -0.02469    0.016392     -3.2831
  1118    -0.27138    20.86063    -0.02536    0.018181     -3.2831
  1119     0.30034    21.26877     0.05272    0.017466     -3.2831
  1120     0.30143    20.04434     0.05201    0.019151     -3.2831
  1121     0.87313    20.45248     0.13010    0.018555     -3.2831
  1122     1.49307    20.24841    -0.14249    0.018846     -3.2831
  1123     0.87429    19.22807     0.12934    0.020269     -3.2831
  1124     1.49425    19.02401    -0.14326    0.020391     -3.2831
  1125     2.06592    19.43214    -0.06515    0.019852     -3.2831
  1126     2.06716    18.20774    -0.06597    0.021554     -3.2831
  1127     2.63881    18.61588     0.01216    0.020955     -3.2831
  1128     2.64012    17.39150     0.01130    0.022570     -3.2831
  1129     3.21175    17.79962     0.08945    0.022159     -3.2831
  1130     3.21312    16.57527     0.08854    0.023754     -3.2831
  1131     3.78472    16.98338     0.16670    0.023203     -3.2831
  1132     3.78616    15.75905     0.16575    0.025018     -3.2831
  1133     4.40471    16.77933    -0.10593    0.023332     -3.2831
  1134     4.40616    15.55499    -0.10690    0.024982     -3.2831
  1135     4.97774    15.96310    -0.02872    0.024391     -3.2831
  1136     4.97926    14.73878    -0.02973    0.025735     -3.2831
  1137     5.55082    15.14687     0.04847    0.025043     -3.2831
  1138     5.55240    13.92258     0.04741    0.026657     -3.2831
  1139     6.12394    14.33068     0.12562    0.026437     -3.2831
  1140     6.74394    14.12664    -0.14704    0.026270     -3.2831
  1141     6.12559    13.10643     0.12452    0.028463     -3.2831
  1142     6.74560    12.90239    -0.14815    0.028727     -3.2831
  1143     7.31713    13.31050    -0.06992    0.028552     -3.2831
  1144     7.31886    12.08632    -0.07107    0.031634     -3.2831
  1145    -7.84177    12.49439     0.00718    0.030806     -3.2831
  1146    -7.83993    11.27027     0.00599    0.034868     -3.2831
  1147    -7.28533    32.49482     0.09505   -0.048038     -3.2838
  1148    -7.28486    31.26923     0.09497    0.004180     -3.2831
  1149    -6.71280    31.67708     0.17287    0.020270     -3.2829
  1150    -6.71257    30.45278     0.17271    0.006167     -3.2831
  1151    -6.09299    31.47360    -0.09962   -0.007208     -3.2832
  1152    -6.09277    30.24874    -0.09980    0.003493     -3.2831
  1153    -5.52081    30.65689    -0.02189    0.005732     -3.2831
  1154    -5.52047    29.43228    -0.02209    0.006706     -3.2831
  1155    -4.94851    29.84049     0.05583    0.005972     -3.2831
  1156    -4.94813    28.61588     0.05558    0.007417     -3.2831
  1157    -4.37619    29.02409     0.13352    0.006729     -3.2831
  1158    -3.75637    28.81998    -0.13900    0.007356     -3.2831
  1159    -4.37574    27.79949     0.13323    0.008636     -3.2831
  1160    -3.75590    27.59539    -0.13930    0.008976     -3.2831
  1161    -3.18399    28.00359    -0.06134    0.008353     -3.2831
  1162    -3.18345    26.77902    -0.06169    0.010058     -3.2831
  1163    -2.61157    27.18720     0.01628    0.009495     -3.2831
  1164    -2.61096    25.96265     0.01589    0.011243     -3.2831
  1165    -2.03910    26.37083     0.09388    0.010665     -3.2831
  1166    -2.03843    25.14630     0.09345    0.012305     -3.2831
  1167    -1.46659    25.55447     0.17145    0.011817     -3.2831
  1168    -1.46585    24.32995     0.17097    0.013446     -3.2831
  1169    -0.84672    25.35039    -0.10110    0.012083     -3.2831
  1170    -0.84596    24.12587    -0.10159    0.013684     -3.2831
  1171    -0.27415    24.53404    -0.02357    0.013093     -3.2831
  1172    -0.27333    23.30954    -0.02410    0.014871     -3.2831
  1173     0.29846    23.71770     0.05394    0.014304     -3.2831
  1174     0.29935    22.49322     0.05336    0.015926     -3.2831
  1175     0.87112    22.90138     0.13141    0.015444     -3.2831
  1176     1.49103    22.69731    -0.14116    0.015657     -3.2831
  1177     0.87208    21.67692     0.13079    0.016853     -3.2831
  1178     1.49200    21.47285    -0.14179    0.017215     -3.2831
  1179     2.06374    21.88099    -0.06373    0.016588     -3.2831
  1180     2.06478    20.65655    -0.06440    0.018342     -3.2831
  1181     2.63650    21.06470     0.01368    0.017833     -3.2831
  1182     2.63761    19.84027     0.01296    0.019298     -3.2831
  1183     3.20930    20.24841     0.09106    0.018801     -3.2831
  1184     3.21048    19.02401     0.09028    0.020439     -3.2831
  1185     3.78215    19.43214     0.16840    0.020005     -3.2831
  1186     3.78339    18.20774     0.16758    0.021628     -3.2831
  1187     4.40210    19.22808    -0.10421    0.020009     -3.2831
  1188     4.40336    18.00369    -0.10503    0.021962     -3.2831
  1189     4.97501    18.41181    -0.02690    0.021419     -3.2831
  1190     4.97633    17.18744    -0.02777    0.022788     -3.2831
  1191     5.54795    17.59556     0.05038    0.022217     -3.2831
  1192     5.54933    16.37121     0.04946    0.023941     -3.2831
  1193     6.12094    16.77932     0.12762    0.023549     -3.2831
  1194     6.74093    16.57526    -0.14501    0.023204     -3.2831
  1195     6.12239    15.55498     0.12665    0.024498     -3.2831
  1196     6.74239    15.35093    -0.14599    0.025173     -3.2831
  1197     7.31397    15.75904    -0.06781    0.024740     -3.2831
  1198     7.31550    14.53475    -0.06883    0.026422     -3.2831
  1199    -7.84507    14.94285     0.00937    0.026051     -3.2831
  1200    -7.84348    13.71859     0.00830    0.028279     -3.2831
  1201    -7.28060    33.71861     0.09576   -2.521639     -3.0875
  1202    -6.70158    34.09224     0.17456   -1.835502     -2.6725
  1203    -6.71389    32.89945     0.17284    0.113627     -3.2827
  1204    -6.08887    33.90558    -0.09888   -2.027541     -2.9591
  1205    -6.09308    32.69903    -0.09950   -0.031502     -3.2840
  1206    -5.52210    33.10982    -0.02178   -0.120220     -3.2921
  1207    -5.52110    31.88172    -0.02175   -0.003821     -3.2833
  1208    -4.94904    32.28868     0.05615    0.050393     -3.2825
  1209    -4.94879    31.06502     0.05602    0.009029     -3.2830
  1210    -4.37676    31.47360     0.13393   -0.007201     -3.2832
  1211    -3.75705    31.26924    -0.13858    0.004153     -3.2832
  1212    -4.37654    30.24874     0.13375    0.003423     -3.2831
  1213    -3.75674    30.04458    -0.13876    0.006167     -3.2831
  1214    -3.18476    30.45278    -0.06084    0.006093     -3.2831
  1215    -3.18443    29.22819    -0.06106    0.006586     -3.2831
  1216    -2.61247    29.63640     0.01687    0.005422     -3.2831
  1217    -2.61207    28.41178     0.01661    0.007738     -3.2831
  1218    -2.04014    28.81998     0.09455    0.007297     -3.2831
  1219    -2.03967    27.59539     0.09425    0.008978     -3.2831
  1220    -1.46776    28.00358     0.17221    0.008344     -3.2831
  1221    -1.46722    26.77901     0.17186    0.010077     -3.2831
  1222    -0.84792    27.79949    -0.10032    0.008625     -3.2831
  1223    -0.84737    26.57492    -0.10068    0.010376     -3.2831
  1224    -0.27549    26.98311    -0.02270    0.009814     -3.2831
  1225    -0.27487    25.75856    -0.02310    0.011516     -3.2831
  1226     0.29699    26.16674     0.05489    0.010948     -3.2831
  1227     0.29768    24.94221     0.05445    0.012518     -3.2831
  1228     0.86951    25.35038     0.13245    0.011976     -3.2831
  1229     1.48939    25.14630    -0.14010    0.012275     -3.2831
  1230     0.87027    24.12587     0.13196    0.013739     -3.2831
  1231     1.49016    23.92179    -0.14060    0.014047     -3.2831
  1232     2.06196    24.32995    -0.06258    0.013411     -3.2831
  1233     2.06280    23.10546    -0.06312    0.015121     -3.2831
  1234     2.63459    23.51362     0.01492    0.014602     -3.2831
  1235     2.63549    22.28915     0.01433    0.015979     -3.2831
  1236     3.20726    22.69730     0.09239    0.015408     -3.2831
  1237     3.20823    21.47284     0.09175    0.017333     -3.2831
  1238     3.77997    21.88099     0.16982    0.016841     -3.2831
  1239     3.78101    20.65655     0.16915    0.018209     -3.2831
  1240     4.39989    21.67692    -0.10276    0.016924     -3.2831
  1241     4.40095    20.45249    -0.10345    0.018668     -3.2831
  1242     4.97266    20.86063    -0.02536    0.018181     -3.2831
  1243     4.97378    19.63621    -0.02610    0.019537     -3.2831
  1244     5.54548    20.04434     0.05201    0.019151     -3.2831
  1245     5.54666    18.81994     0.05122    0.020768     -3.2831
  1246     6.11833    19.22807     0.12934    0.020269     -3.2831
  1247     6.73829    19.02401    -0.14326    0.020391     -3.2831
  1248     6.11959    18.00368     0.12852    0.021561     -3.2831
  1249     6.73956    17.79962    -0.14410    0.022019     -3.2831
  1250     7.31120    18.20774    -0.06597    0.021554     -3.2831
  1251     7.31254    16.98338    -0.06685    0.022789     -3.2831
  1252    -7.84797    17.39150     0.01130    0.022570     -3.2831
  1253    -7.84657    16.16716     0.01037    0.024179     -3.2831
  1254    -4.94745    33.50541     0.05644    0.457344     -3.2933
  1255    -4.37264    33.90558     0.13467   -2.027447     -2.9591
  1256    -3.75279    33.71861    -0.13779   -2.521552     -3.0875
  1257    -4.37685    32.69903     0.13405   -0.031514     -3.2840
  1258    -3.75752    32.49482    -0.13850   -0.048028     -3.2838
  1259    -3.18608    32.89945    -0.06071    0.113585     -3.2827
  1260    -3.18499    31.67708    -0.06068    0.020295     -3.2829
  1261    -2.61284    32.08618     0.01723   -0.016963     -3.2832
  1262    -2.61277    30.86113     0.01707   -0.000249     -3.2832
  1263    -2.04082    31.26923     0.09497    0.004180     -3.2831
  1264    -2.04051    30.04458     0.09479    0.006235     -3.2831
  1265    -1.46853    30.45278     0.17271    0.006167     -3.2831
  1266    -1.46819    29.22818     0.17249    0.006542     -3.2831
  1267    -0.84873    30.24874    -0.09980    0.003493     -3.2831
  1268    -0.84838    29.02409    -0.10003    0.006683     -3.2831
  1269    -0.27643    29.43228    -0.02209    0.006706     -3.2831
  1270    -0.27601    28.20768    -0.02237    0.008097     -3.2831
  1271     0.29592    28.61588     0.05558    0.007417     -3.2831
  1272     0.29640    27.39130     0.05527    0.009226     -3.2831
  1273     0.86831    27.79949     0.13323    0.008636     -3.2831
  1274     1.48814    27.59539    -0.13930    0.008976     -3.2831
  1275     0.86886    26.57492     0.13287    0.010410     -3.2831
  1276     1.48871    26.37083    -0.13967    0.010619     -3.2831
  1277     2.06059    26.77902    -0.06169    0.010058     -3.2831
  1278     2.06123    25.55447    -0.06210    0.011764     -3.2831
  1279     2.63308    25.96265     0.01589    0.011243     -3.2831
  1280     2.63378    24.73812     0.01544    0.012828     -3.2831
  1281     3.20562    25.14630     0.09345    0.012305     -3.2831
  1282     3.20639    23.92179     0.09295    0.014027     -3.2831
  1283     3.77820    24.32995     0.17097    0.013446     -3.2831
  1284     3.77903    23.10546     0.17043    0.014881     -3.2831
  1285     4.39808    24.12587    -0.10159    0.013684     -3.2831
  1286     4.39894    22.90138    -0.10214    0.015379     -3.2831
  1287     4.97072    23.30954    -0.02410    0.014871     -3.2831
  1288     4.97164    22.08507    -0.02469    0.016392     -3.2831
  1289     5.54340    22.49322     0.05336    0.015926     -3.2831
  1290     5.54439    21.26877     0.05272    0.017466     -3.2831
  1291     6.11612    21.67692     0.13079    0.016853     -3.2831
  1292     6.73605    21.47285    -0.14179    0.017215     -3.2831
  1293     6.11718    20.45248     0.13010    0.018555     -3.2831
  1294     6.73712    20.24841    -0.14249    0.018846     -3.2831
  1295     7.30883    20.65655    -0.06440    0.018342     -3.2831
  1296     7.30997    19.43214    -0.06515    0.019852     -3.2831
  1297    -7.85048    19.84027     0.01296    0.019298     -3.2831
  1298    -7.84928    18.61588     0.01216    0.020955     -3.2831
  1299    -3.17376    34.09224    -0.05899   -1.835452     -2.6725
  1300    -2.61172    33.31144     0.01748    0.051331     -3.2901
  1301    -2.03656    33.71861     0.09576   -2.521639     -3.0875
  1302    -2.04129    32.49482     0.09505   -0.048038     -3.2838
  1303    -1.46985    32.89945     0.17284    0.113627     -3.2827
  1304    -1.46876    31.67708     0.17287    0.020270     -3.2829
  1305    -0.84904    32.69903    -0.09950   -0.031502     -3.2840
  1306    -0.84895    31.47360    -0.09962   -0.007208     -3.2832
  1307    -0.27706    31.88172    -0.02175   -0.003821     -3.2833
  1308    -0.27676    30.65689    -0.02189    0.005732     -3.2831
  1309     0.29525    31.06502     0.05602    0.009029     -3.2830
  1310     0.29553    29.84049     0.05583    0.005972     -3.2831
  1311     0.86750    30.24874     0.13375    0.003423     -3.2831
  1312     1.48730    30.04458    -0.13876    0.006167     -3.2831
  1313     0.86785    29.02409     0.13352    0.006729     -3.2831
  1314     1.48767    28.81998    -0.13900    0.007356     -3.2831
  1315     2.05962    29.22819    -0.06106    0.006586     -3.2831
  1316     2.06005    28.00359    -0.06134    0.008353     -3.2831
  1317     2.63197    28.41178     0.01661    0.007738     -3.2831
  1318     2.63248    27.18720     0.01628    0.009495     -3.2831
  1319     3.20437    27.59539     0.09425    0.008978     -3.2831
  1320     3.20495    26.37083     0.09388    0.010665     -3.2831
  1321     3.77682    26.77901     0.17186    0.010077     -3.2831
  1322     3.77746    25.55447     0.17145    0.011817     -3.2831
  1323     4.39667    26.57492    -0.10068    0.010376     -3.2831
  1324     4.39733    25.35039    -0.10110    0.012083     -3.2831
  1325     4.96918    25.75856    -0.02310    0.011516     -3.2831
  1326     4.96989    24.53404    -0.02357    0.013093     -3.2831
  1327     5.54172    24.94221     0.05445    0.012518     -3.2831
  1328     5.54251    23.71770     0.05394    0.014304     -3.2831
  1329     6.11431    24.12587     0.13196    0.013739     -3.2831
  1330     6.73420    23.92179    -0.14060    0.014047     -3.2831
  1331     6.11517    22.90138     0.13141    0.015444     -3.2831
  1332     6.73507    22.69731    -0.14116    0.015657     -3.2831
  1333     7.30685    23.10546    -0.06312    0.015121     -3.2831
  1334     7.30779    21.88099    -0.06373    0.016588     -3.2831
  1335    -7.85259    22.28915     0.01433    0.015979     -3.2831
  1336    -7.85159    21.06470     0.01368    0.017833     -3.2831
  1337    -1.45753    34.09224     0.17456   -1.835502     -2.6725
  1338    -0.84483    33.90558    -0.09888   -2.027541     -2.9591
  1339    -0.27806    33.10982    -0.02178   -0.120220     -3.2921
  1340     0.29660    33.50541     0.05644    0.457344     -3.2933
  1341     0.29501    32.28868     0.05615    0.050393     -3.2825
  1342     0.86719    32.69903     0.13405   -0.031514     -3.2840
  1343     1.48653    32.49482    -0.13850   -0.048028     -3.2838
  1344     0.86728    31.47360     0.13393   -0.007201     -3.2832
  1345     1.48699    31.26924    -0.13858    0.004153     -3.2832
  1346     2.05906    31.67708    -0.06068    0.020295     -3.2829
  1347     2.05929    30.45278    -0.06084    0.006093     -3.2831
  1348     2.63128    30.86113     0.01707   -0.000249     -3.2832
  1349     2.63157    29.63640     0.01687    0.005422     -3.2831
  1350     3.20353    30.04458     0.09479    0.006235     -3.2831
  1351     3.20391    28.81998     0.09455    0.007297     -3.2831
  1352     3.77585    29.22818     0.17249    0.006542     -3.2831
  1353     3.77628    28.00358     0.17221    0.008344     -3.2831
  1354     4.39567    29.02409    -0.10003    0.006683     -3.2831
  1355     4.39612    27.79949    -0.10032    0.008625     -3.2831
  1356     4.96804    28.20768    -0.02237    0.008097     -3.2831
  1357     4.96855    26.98311    -0.02270    0.009814     -3.2831
  1358     5.54045    27.39130     0.05527    0.009226     -3.2831
  1359     5.54103    26.16674     0.05489    0.010948     -3.2831
  1360     6.11290    26.57492     0.13287    0.010410     -3.2831
  1361     6.73276    26.37083    -0.13967    0.010619     -3.2831
  1362     6.11356    25.35038     0.13245    0.011976     -3.2831
  1363     6.73343    25.14630    -0.14010    0.012275     -3.2831
  1364     7.30527    25.55447    -0.06210    0.011764     -3.2831
  1365     7.30601    24.32995    -0.06258    0.013411     -3.2831
  1366    -7.85430    24.73812     0.01544    0.012828     -3.2831
  1367    -7.85350    23.51362     0.01492    0.014602     -3.2831
  1368     0.87141    33.90558     0.13467   -2.027447     -2.9591
  1369     1.49125    33.71861    -0.13779   -2.521552     -3.0875
  1370     2.07028    34.09224    -0.05899   -1.835452     -2.6725
  1371     2.05797    32.89945    -0.06071    0.113585     -3.2827
  1372     2.63233    33.31144     0.01748    0.051331     -3.2901
  1373     2.63120    32.08618     0.01723   -0.016963     -3.2832
  1374     3.20276    32.49482     0.09505   -0.048038     -3.2838
  1375     3.20323    31.26923     0.09497    0.004180     -3.2831
  1376     3.77529    31.67708     0.17287    0.020270     -3.2829
  1377     3.77552    30.45278     0.17271    0.006167     -3.2831
  1378     4.39510    31.47360    -0.09962   -0.007208     -3.2832
  1379     4.39531    30.24874    -0.09980    0.003493     -3.2831
  1380     4.96728    30.65689    -0.02189    0.005732     -3.2831
  1381     4.96761    29.43228    -0.02209    0.006706     -3.2831
  1382     5.53958    29.84049     0.05583    0.005972     -3.2831
  1383     5.53996    28.61588     0.05558    0.007417     -3.2831
  1384     6.11190    29.02409     0.13352    0.006729     -3.2831
  1385     6.73172    28.81998    -0.13900    0.007356     -3.2831
  1386     6.11235    27.79949     0.13323    0.008636     -3.2831
  1387     6.73219    27.59539    -0.13930    0.008976     -3.2831
  1388     7.30410    28.00359    -0.06134    0.008353     -3.2831
  1389     7.30463    26.77902    -0.06169    0.010058     -3.2831
  1390    -7.85561    27.18720     0.01628    0.009495     -3.2831
  1391    -7.85501    25.96265     0.01589    0.011243     -3.2831
  1392     3.20748    33.71861     0.09576   -2.521639     -3.0875
  1393     3.78651    34.09224     0.17456   -1.835502     -2.6725
  1394     3.77420    32.89945     0.17284    0.113627     -3.2827
  1395     4.39922    33.90558    -0.09888   -2.027541     -2.9591
  1396     4.39501    32.69903    -0.09950   -0.031502     -3.2840
  1397     4.96599    33.10982    -0.02178   -0.120220     -3.2921
  1398     4.96699    31.88172    -0.02175   -0.003821     -3.2833
  1399     5.53905    32.28868     0.05615    0.050393     -3.2825
  1400     5.53930    31.06502     0.05602    0.009029     -3.2830
  1401     6.11133    31.47360     0.13393   -0.007201     -3.2832
  1402     6.73104    31.26924    -0.13858    0.004153     -3.2832
  1403     6.11155    30.24874     0.13375    0.003423     -3.2831
  1404     6.73134    30.04458    -0.13876    0.006167     -3.2831
  1405     7.30333    30.45278    -0.06084    0.006093     -3.2831
  1406     7.30366    29.22819    -0.06106    0.006586     -3.2831
  1407    -7.85652    29.63640     0.01687    0.005422     -3.2831
  1408    -7.85611    28.41178     0.01661    0.007738     -3.2831
  1409     5.54064    33.50541     0.05644    0.457344     -3.2933
  1410     6.11545    33.90558     0.13467   -2.027447     -2.9591
  1411     6.73530    33.71861    -0.13779   -2.521552     -3.0875
  1412     6.11124    32.69903     0.13405   -0.031514     -3.2840
  1413     6.73057    32.49482    -0.13850   -0.048028     -3.2838
  1414     7.30201    32.89945    -0.06071    0.113585     -3.2827
  1415     7.30310    31.67708    -0.06068    0.020295     -3.2829
  1416    -7.85689    32.08618     0.01723   -0.016963     -3.2832
  1417    -7.85681    30.86113     0.01707   -0.000249     -3.2832
  1418     7.31432    34.09224    -0.05899   -1.835452     -2.6725
  1419    -7.85576    33.31144     0.01748    0.051331     -3.2901
